      1000        500   5.3795297   3.516346   9.7337764  4.3162034   12.610756  1.3743438   13.415034  5.7349884   14.214362  9.9700271   10.093453  8.5352307   7.4425181  6.5420037   4.3043325  7.1378503   1.1380815  5.4677755   1.0220781  1.9501547   3.7041885  0.16551153   8.7169671   1.098429   2.0351545  9.7704957   6.5229932   10.09496   10.463919  12.516271    14.81482  14.351717    11.50785  17.025178   7.8494902  16.302276   6.4797119  13.563748   3.4230165  13.594594   2.2025769  17.200709  -0.39308913  13.701185   18.004784  10.531031 
      2000       1000   5.9437875  4.2420582   9.4453032  5.3549398   12.496105  1.8504814   13.552331  6.0287349   12.912287  10.280478   9.7181217  8.5779802   6.7828858  7.4767676   3.8023504  8.9139648   2.1372117  5.1956036   0.69095848  1.8783021   3.9388937  1.5977253   8.6385675   1.881925   0.29960813  9.3676439   6.4937038  11.074455   9.9719799  13.468475   14.351389  14.798756   12.070516  18.539872   8.3393658  17.410803   5.9127187  15.132614   3.0639624  12.785389   3.6632486  17.256811  -1.1982416  13.585599   16.713748  10.031954 
      3000       1500   4.6977387  4.9284075   9.3782959  4.9598092   11.264784  2.0831117   13.218657  6.7437202   11.184954  11.339367   9.7059602  8.1162239   7.0877613  7.2798427   4.1924664   8.536212   0.80605027  4.8904766   0.77117901  1.0938472   3.7680366  1.0706027   7.1165651  2.2726866   0.41034693  9.0485961   7.0677905  11.085278   8.9817305  15.885282   13.539968  15.501944   12.317416  19.207044   5.4297597  19.189168   4.7970849  15.984729   3.5153922  12.489698   1.7120306  16.199592  -0.28867169  12.917179   15.123606  10.983281 
      4000       2000   4.3271496  5.0811833   8.9206766  5.3163045    10.71233    2.11371     12.9416  6.2172945   10.431566  11.691715    9.818302  8.2880991   6.8653445  7.8170978   3.7322752  8.7755622   0.069444785   4.525359  -0.40750572  0.8543447   2.4727629  2.0842661   6.8653904  2.3337359   0.042491019   8.798936    6.277619  12.028479   7.9800165  16.669326   13.087469   14.77126   12.411414  18.504114   2.8415681  18.230293   4.2162378    15.1047    2.222502   12.08011   0.16706766  15.136159    -2.29771  12.076841   14.368127  10.556548 
      5000       2500   5.1107808  5.4660204   8.8508236  5.5987617   10.598526  2.3991834   13.252475  5.8877569   11.135982   12.24356   10.525567  8.5283659   7.3957293  8.7760246   3.9908013  8.7423687    1.248812  4.5925135  -0.65825568  1.5177809   3.2319557  2.0382867   6.7788054  2.2835439  -0.21154748  8.1458372   6.0939402  12.126667   7.8815622  16.321842   15.773035  14.192907    12.58078   16.40595   2.6703431  17.610288   3.4131756  14.160213    1.560679  11.375406   0.025648389  14.877861  -2.6255639  11.538217   15.050473  10.292725 
      6000       3000   6.0051235  5.4179935   9.4034023  5.9816892   11.035164  2.7760528   13.560264  6.4117542   11.010196  12.642564   10.949726  9.0690713   8.0522864  8.9951819   4.9122005  8.7235936   2.2219363  5.8566107   1.0248553  2.3112963   4.1665576  2.3112564   7.4656697  2.3665307  -1.5021323  7.1458844   6.3835452  12.229455   7.5945669  16.676482    15.22615  14.267657   12.441729  16.814079   2.3719132  16.727947   3.1911133  13.506859   1.5774452  10.387497  -0.49840185  13.857589   -2.842846  10.865601   14.653457  10.547681 
      7000       3500   5.9989941   6.298956   9.4988974  6.5891911   11.338326  2.6605474   13.499779  6.3854866   10.735363  12.876294   11.029066  9.2450407   8.1601704  9.6014061   4.7949057  9.4255226   2.0821002  6.4049893   1.3222319  3.2215066   4.5853731  2.7985845   7.8929953  3.5568667  -1.9293204  5.0740643   6.5758806  12.649607   6.8559581   17.16452   15.031105  14.511931   11.728154    16.9086   1.8289863  17.123668   2.9981206  13.871951   1.3336112   10.33016  -0.49258253  13.490082  -2.3631606  9.3328811   14.161019  10.681629 
      8000       4000   6.1355417  6.5760392   9.5640296  6.7535984   11.730206  1.9714802   13.420032  6.1821771   10.413157  13.018537   11.105707   9.388815   7.9622481  9.6930013   4.5376553  9.6724843   2.2630727  6.8417823   1.4075015  3.3503995   4.5047556  3.7974203   8.3105725  3.5185838  -1.3180108  5.5464164   6.0056812  12.884469   6.9364742  17.522696   14.560031  14.590031   11.556213  17.239451   2.0133235  17.269444   2.6255426  13.960007    1.013364  10.687914  -0.7173192  14.044364  -2.6052658  9.3674602   14.053674  10.611212 
      9000       4500   6.2648395  6.6633168   9.8871323  6.6072482   11.941734  2.8490268   13.850003  6.8326329   10.165178  13.093658   11.036074  9.5951156    7.966123  9.8896853   4.5861585  10.169893   2.4265287  6.7956029   1.0274698  3.9864434   4.5781719  3.7214144   8.2692923  3.3808422  -1.6022551  6.7944728   6.0623521  13.751082   6.0128623  18.655772   13.978338  15.084664   10.506762  17.372269   1.6594185  16.719645   2.6927296  13.304045   0.63949508  10.326226  -1.1850801  13.842213  -3.2752508  10.524275   14.220805  11.199809 
     10000       5000   6.2548451  6.8807619   9.8379666  6.6707925   11.801589  3.2732374   14.030592  7.0920087   10.202506  13.029955   11.198584   9.633214   8.2213028  9.8662565   5.0122155  10.410539   2.5306706  6.7089014   0.3899943  4.0871174   4.4633845  3.9971119    7.982226  3.4205741   -1.541057  7.6826382   5.9080251  13.995956    6.142984   18.95524   14.122748  15.848707   10.116874  17.016254   2.5644451  16.182232   2.4478112  13.063451   1.2963724  10.211414  -0.73845205  13.821965  -4.2721207  11.026655   14.060974  11.616214 
     11000       5500   6.4063869  6.6430164    10.02688  6.5937827   12.031063  2.7579232   14.209415  6.6118223   10.412301  12.620906     11.5316  9.3511771   8.3357409  9.5047263   4.9548919  10.036334   2.5595596  5.7913252  -0.54625514   3.871191   5.2762101  3.5627008    8.609215  3.4797001  -1.3126107   6.881353   6.2601055  13.979514   6.4380321   18.61423   14.231666  15.189046   10.391197  16.552493   2.3919679  16.245024    2.903036  13.056539   1.2249247  9.9477406  -0.64380079  13.565379  -3.3753586  10.084165   14.386386  11.164659 
     12000       6000   6.4956333  7.1224342   9.9534539  7.0678581   12.177046  2.8650571   14.340989   6.677001   10.687817  12.694547   11.613114   9.415597   8.1619509  10.202336    4.533759  10.413492   2.6980131  6.5485695  -0.17164741  4.2122913   5.5231963  3.9707225   8.7840318  3.9599241  -1.1248633  7.2129112   6.3488006  14.101289   6.5130845  18.903433    13.82321  15.254861   10.104904  16.599797   2.7412965   16.55999   2.7908568  13.477462   0.8886131  10.455008  -0.65149821  14.344658  -3.0779792  10.601348   14.587001  11.145519 
     13000       6500   6.9700526  7.3113225    10.40142  7.0666483   12.311387  3.1414512   14.387955  7.2801736   10.744927  13.270984   11.623681  9.8698476   8.6069576   10.38194    5.424096   10.58024   3.2781324  6.5173571   0.2613121  3.9304704   5.3880285  3.6319895   8.6211084  4.1744732  -0.24126663  7.4246743   6.6638253  14.334591   6.2207653  19.945611   13.638217  16.534773    9.612182  17.096594   2.8504607  17.109355   3.3768903  13.872278   2.0871582  10.653381  -0.27072691   14.94039  -1.8452776  11.255885   14.659656  12.045993 
     14000       7000   7.3761488  6.9968473   10.910646   6.795222   12.073944  3.4736058   15.126221  7.5142364   10.891423  13.353117   11.963519   9.838839   8.9724553  10.068818   5.7580293  11.113257   3.6552576  6.6414242   1.9453105  3.5605925   4.8019782  3.0783678   8.0153205  3.1985841  -0.066585224  7.0759812   6.9754483  14.857618   6.4498253  20.764521   14.021043  16.418937   9.9952321  17.543576   3.8417435  17.134428   3.5239149  13.858674   2.1415055  10.454115   0.3333275  15.498474  -1.5042967  11.661243   14.778212  11.981311 
     15000       7500   7.1669224  7.6810581   10.544787  6.7946774   12.062306   3.501491    14.84037  7.3632015   11.029994  13.593701   11.740863  9.8844831   8.6670063  10.687036   5.1904969  10.619361   3.4622465  7.2042996   1.3815945  4.1627986   4.1767289  3.5514255   7.8726341  3.8859798  -0.33000314  7.3298906    6.956853  13.888167   5.1928653   21.72221   13.194159  17.017087   8.4100283  17.515335   4.2018789  16.943067   3.6332802  13.492149   1.6393083  10.925007   0.50555573  14.888653  -2.0831404  11.265491      14.651  11.815546 
     16000       8000   7.0626044  7.8830044   10.197757  6.4143193   11.508352  2.9404833   14.483419  6.1440747   11.566283  13.365769   11.744551  9.2800527   8.9346568  10.682119   5.5372683  11.010816   3.2743345  7.5373157   0.85746002  5.2465234   3.7764245  3.9120813   7.7769201  4.0410164  -0.93122517  7.8405853   7.3809388   14.00809   7.1812629  21.513381   13.407361  17.347439   9.2202437   17.34927   4.7167925  17.253673   3.9689702  13.893874   1.9407484  11.152525   0.76879983  14.985207  -1.8051703  11.824521   14.907338  10.534365 
     17000       8500   6.7042347  7.4982491   10.191246  6.4819196   11.543016  3.0218293    14.22833  6.4240913   11.645555  13.872341   11.576943  9.2546635   8.8875876  10.482147   5.4213362  10.814052   2.7895186  8.0826711   0.35611887   5.627817   4.2192311  4.8706442   8.0371105  3.8682614  -1.0982485  8.8399697    7.422137  13.878658   7.0447778   21.36226   13.212266  18.059085   9.0718925  17.290231   4.8195716  17.344907   4.0884487  13.851278   1.4645534  11.763516   0.77103592  15.663032  -2.3552681   13.06343   14.585756  10.862442 
     18000       9000   6.9309509  7.8648162   10.357821  6.9069723   11.408328  3.2339371    14.50647   6.339278   12.232986  13.553382   12.132018  9.6692685     9.37377  10.584797   5.6136632  10.881753    2.402364  7.8631423  -0.88523854  6.1485651   4.8766694  5.3777268   7.9409255  4.3543554  -1.3058072  9.6558587   7.8551882  13.735339   7.6716968   21.67657   12.597861  18.165322   8.8780624  17.354525   4.6851432  18.136121   4.5990855  14.709691   2.2604085  12.027151   1.2747613  15.999509  -1.9363925  13.559971   15.405995  10.692893 
     19000       9500   6.4417708  7.6638889   10.405766  6.9984399   11.249088  3.0246904   14.287555   6.173853   12.757858  13.635135   12.212585  9.7390384   9.2071449  9.8620523   5.6703642  10.970952   2.1979867  7.6940823    -1.97618  7.4966964    4.630517  4.8351477    7.968728  4.5151921  -0.92058258  10.695581   8.7125586  13.160069   9.0991472  21.236863   12.463215  17.841531   8.6690933  16.835452   5.1742459  18.411522   5.6081001  14.967366   2.4295286   12.44809   1.7866652  16.168827  -2.1685708   14.55335   15.558347  10.400527 
     20000      10000   6.1484292  7.5513085   9.6946019  6.4998719   10.776363  2.4092027   13.604532    5.71436   12.904157  13.480248   11.527521  9.6862805   8.6355942  9.4993382    5.521845  11.095514   2.3250585  8.4098804  -1.8875282  7.5419482   4.0803261  5.1842717   7.2337143  3.8076475  -1.1529397   10.55919    8.775542  12.873451   9.3341565  21.170561   12.696346  17.576193   8.8083882  16.603575   5.2748614  18.281955   5.7413445  14.666848   2.3391315  12.875983   1.3323878   16.84409    -1.62938  14.332661   14.959394  9.9684777 
     21000      10500    5.811185  6.9679865   8.7733625  5.1445482   10.451882  1.5463382   12.650419  5.4284527   12.733003  13.228264   11.215471  9.6433981   8.5535941  8.6726127   5.5231855  10.586247    2.237269  8.3464657   -1.026904  7.2824439    3.565628  4.6433114   6.5581295  2.1484571  -1.6208053  10.680483   8.6219181  12.416236   9.4633387  20.884211   12.684641  17.375152   8.7703209  16.175442   5.4621502  18.456798   5.1945232  15.002008   2.4519491  12.585052   1.9643694  16.791396  -1.0432078  14.439845   14.579153  9.5695168 
     22000      11000   5.9874047  7.5882297   8.0877071  4.7055015   10.868968   1.905118    12.52346  5.8161078   12.634113  12.916324   11.595781  9.5765249   9.2503061  7.7713517   4.8832355  10.612762    2.202748  7.8594251   -1.151993  6.9332382   4.8590276  4.4496311     7.11312  1.2630843  -1.4140418  10.078408   8.4717386  11.460587   9.5029942  20.134933   13.258584  17.284626    9.527833  15.461033   6.0245445  17.067355   4.8473266  13.530061   1.7070908  12.051159   2.2152997  15.881223  -1.5986418  14.260277   15.127338  9.5483097 
     23000      11500   6.4304715  7.7635961   8.2701101  4.6318178   10.281081  1.3254328   12.632437  5.1281541   12.403884  12.595345   11.830805  9.0945282   9.5840118  7.4731121   4.6631167  10.825924   2.3991538  7.8624511  -1.0488685  7.5925303   5.0640025  5.0054188   6.6873149  1.6857657  -2.4535391  10.729024   8.4687007  11.124772   9.4495268  20.022489   12.742214  16.736175   9.0231874  15.075216   5.8132463  17.497458    5.467831  13.881828   1.2639594  11.919468   2.4207512  15.612348   -1.395759  14.767248   15.074298  9.2317448 
     24000      12000   6.4474875  7.9690265   8.3972635  4.7397616    10.12487  1.2232162   12.582841  4.7271777   12.740251  12.425502    12.11802  8.8944473   9.8006898  7.4451911   4.4524917  11.069488   2.6143237  7.4948934  -1.3063804  8.0213854   5.1983651  5.0631452   6.4162234  2.1703112  -2.8591177  11.019657   8.5417755  11.115895   9.3974714  19.759034   13.088431  16.670624   9.3182145  14.973617   5.5803902  16.979574   5.8304455  13.667119   0.80204676  11.054204   2.5526803   14.53483  -1.2793826  14.601463   15.301953  8.5739299 
     25000      12500   6.5347189  7.7134916   8.4710727    4.53531   9.8691593  0.91808117   12.594754  4.4124321   13.065072  12.348251   12.251048   8.891949   9.9676776  7.3953468   4.7325464  10.634077   2.7621589  7.1960366  -1.5839941  8.1220442   5.3288657  4.8683644   6.2574229  1.8353445  -2.7588304  11.161953    8.888522  10.901669   9.1528821  20.100111   12.635938  16.807689   9.1953006  14.781039   5.9659759  16.797906   6.0843507  13.411795   1.0258941  10.648628   2.9074244  14.179188   -1.212625  14.697703   15.365056  8.3066544 
     26000      13000   6.0015238  7.3527346    7.673145  4.1914597   9.7405781  1.1530382   12.321284   4.790721   12.876572  12.496213    11.65144  9.0966155    9.311596  7.1590793   4.6952039  10.425337   1.9586232  7.0668946  -1.9916684  8.1010337   4.3003433  4.1815351   6.0344495  0.88110323  -2.9090546  11.461583   8.6206578  10.746173   9.3170405  19.938562   13.032615  17.138292   9.5533671  14.814225   5.9159542  16.641321   6.4879208  13.278351   0.74881095  10.642393   3.2342038  13.677925  -0.43077541  14.708299   14.828079  8.6431476 
     27000      13500   5.8191539  7.0668982   7.8835779  4.1884941   9.6823391   1.254132    12.50345  4.7597232   12.394867  12.402435   11.438677   8.883957    9.177359  7.2224429   4.2499427  10.086855   1.4856427  6.9321261  -2.1046532  8.3404812   3.8592435  4.1136914   5.8060972  1.2727969  -3.0997681  11.881627   8.2624563  10.890272   9.0054223  19.469533   12.829954  16.695312   9.1853349  14.939424   5.0597268  16.613045   6.3576496  13.588747   0.43228038  10.823124   3.1577288  13.373529   0.027510891  15.505293   14.642533  9.0002695 
     28000      14000   5.8405543   7.389515    7.863188  4.2819173   9.3368278  0.75706373   12.074658  4.7440362   12.437559  12.431724   11.282529   8.889904   8.9807295   7.317783   4.6158212  10.712077   1.9452847  7.0055684  -1.4865605  8.2901685   4.4801615  4.3854278     5.83427  1.3152931   -2.576121  12.084314     8.37254  10.938346   9.0015012  19.667787   12.571856  16.790566   9.0991534  14.904774   5.5147474  16.770139   6.1622554  13.369939   1.0012903  10.861738   3.0247834  14.093942  -0.42311552  15.824299   14.610785  8.6654636 
     29000      14500   5.0967881  7.3257835    7.600519  4.4279523   9.5812912  1.3490949   11.999391  4.7712595   12.738386  12.293215   11.208598  8.6813092   8.5635484  7.3760162   4.3828007    10.9184   0.98906672  6.5002802  -2.1214308  8.5790702    4.006306  4.1943908   5.9108141  1.4934591  -3.8114682  11.567136   8.3112563  10.906772   9.8072564  19.310256   13.533464  16.569232   9.2352286  14.856982   5.7546781  17.275557   6.0297497  13.633617   0.3573379  10.876809   2.7070673  14.674454  -1.4335021   14.96534   14.574528  8.3893331 
     30000      15000    5.387429  7.5429827    7.637912  4.3962121   9.8271656  1.3778375   12.112687  5.2673768    12.47264  12.398124   11.253324  8.9477568   8.6692289  7.4975308   4.0174328  10.915746   1.2763365  7.4090747  -2.3274195  8.8353107   3.8550341  4.3675236   5.8657794  1.4839971  -3.7088688  12.029012    8.113217   11.20232   9.5129804  19.550905   13.265741  16.660368   9.1417154  14.940702   5.3949565  17.228392   5.6806003  13.962252  -0.12370862  11.299128   2.3163491  14.353262  -1.4645287  15.448939   14.708505  8.8744963 
     31000      15500   5.5261493  7.4356913   7.9389089  4.5968752   9.9937812  1.4133389   12.245567  5.2277865   12.654883  12.129722    11.70999   8.895551   9.0219191  7.6123076   4.0653326  10.806291   1.5428491  7.1618714  -2.0953414  8.4299579   3.9346551  4.4633662   6.1319256  1.7692375    -3.69349  11.658467    8.155278  11.020396   9.1861429  19.627062   12.550228  16.289777   8.8954905  14.873065   5.5213556  16.842254   5.7336396  13.552451   0.41362156  10.906348   2.7632172  14.345862  -0.99027493   14.53912   15.230937  8.8762792 
     32000      16000   6.2592405  7.4536294   7.9827555  4.0428609   10.166746  1.0819113   12.671353  4.4899134   12.736367  11.678398   11.823077  8.3546459   9.5209953  6.8989795   4.7695564   10.73654   2.3503644  7.1859351  -0.9039906  8.4727169    4.681863  4.4138825   6.0873024  1.2181127  -3.1695523  10.901799   8.5675828  10.680965   9.8299568   19.18198   13.490545  15.866341   9.5607612   14.55426    5.652096  17.037219   6.4660158  13.777634    1.204834  11.069928   3.0211808  14.270171  -1.2682651  14.267508   15.266447  8.3402339 
     33000      16500   6.0747617  7.4867579   7.9833102  3.9455888   9.4778286  0.73446617   11.994877  4.4224081   12.972969  11.796755   11.513923  8.5386054   9.1829387   7.059565   4.8811141  11.025338   2.4354715   7.061869  -0.78065868  7.8778423   4.7489333  4.3258513   5.7565439   1.108837   -3.211118  10.617995    8.676989  10.755573   10.007456  18.913274    14.02035  16.069319   9.9171668  14.495313   5.9867434   16.63754   6.7953083   13.54371   0.96938347  10.735866   2.9141649  14.228229  -1.3463672  14.152814   14.763037   7.852778 
     34000      17000   6.1542734  7.2566163   8.1518019  3.5410909   9.9930473  0.6091515   12.209528  4.4430901   13.072374  11.869175   11.690956  8.6001521   9.2951916  6.8514096   4.9872948  10.710116   2.4092102   7.080098  -1.2508986  8.0919594   5.0993474  4.0514904    5.963961  0.59713373  -3.2029586  10.927771   8.7877462  10.560567   10.676636  19.358328   13.795957  15.992396   9.9777112  14.694414   6.6713106  16.715723   6.8945864  13.453033   1.0700972  10.976751   3.3940877  14.089097  -0.86207897    14.5126   14.791042  8.0430507 
     35000      17500   6.4263568  7.0897867   8.3132752  3.7217658   10.256823  0.2297066   12.630966  3.8324794   13.332172  12.094596   11.454756  9.0484569   9.6721906  6.7375693   4.8205724  10.227399   2.5812694  7.0919409  -0.71597723  8.1716476    4.841234  4.0409878   6.4156796  0.79288452  -2.3103186  11.422488   8.6426325  10.680399   10.439309  19.720313   13.744113  16.381476   10.005941  14.779809   6.6074673  16.754224   6.7415418  13.353545   1.3933945  11.188013   3.5938489   14.28414  -0.39739302  15.586217   14.597763  7.9840142 
     36000      18000   6.1116733   7.070952   7.7397567   3.918527   9.2555081  0.38082859   11.989877  4.1788164   13.073831  12.037399   11.475814  8.8899926    9.354497  7.1357711   5.1318425  10.427605   2.1844003  6.5052033  -1.0226539  8.0900546    4.493367  3.8682673   5.3922561  0.88288244  -1.9145254  11.795356   8.7824865  10.933123   10.087636  19.225653   14.045128  16.314435   9.8571785  14.775251   5.8824964  16.759567   6.3879681  13.477548    1.622176  10.443799   3.1281153  13.860799  -0.069540156  16.328195   14.635907  7.8945323 
     37000      18500   5.8349167  7.0305078   8.0645553  3.8411916   10.148561  0.42840587   12.024727  4.3595316   12.929235  11.826973   11.554169  8.5243669   9.1650661  6.9950732   5.1145369  10.396289   2.0101319  5.4371654  -1.3834431  7.6100691   4.8956625  3.4876592   6.6012588  0.50217565  -1.8209753  11.336212   8.7583866  10.814662   9.3467447  19.146114   13.498262  16.116339   9.7627653  14.690962   5.0120654   16.21504   6.2488915  13.322899   1.5061593  9.3779514   1.9722964  13.378424  -1.7026435  15.574752   14.723634  7.8766241 
     38000      19000   5.6175794  6.8893231   7.7285661  3.6731219   11.578533  0.39502751   11.898971  4.4725039   12.879816  11.971552   11.523549  8.4224682   8.9586888  6.9543374   5.1063164  10.383015   2.3152823  4.8617429  -0.96201107  7.1058689   4.9725347  2.3064467   7.7694054 -0.29766922  -1.3616415  11.112542   8.8944548  10.480252   8.8563655  19.314735    12.67147  16.498069    9.448647  14.497799   5.6710962  15.763712   6.5361356  12.893587   1.7650552   8.887439   2.4319844  13.377124  -1.3562264  15.065211   14.800947  8.1439665 
     39000      19500   5.6448321   7.329034   6.8869465  4.1648832   12.198444  0.083004913   11.727765  4.5302632   12.793107  12.188983    11.42397  8.5367173   8.8628174  6.9507826   4.9860127  10.415059    2.754732  4.6989408  -1.6001807  8.4629028   5.0355116  1.6335179    8.778818  1.2697423  -1.1481447  11.969081   8.7754274  10.652072   8.3974405   19.30563   12.473817  16.706904   9.0513168  14.624736   5.0183813  15.944997   6.0447794  13.033753   1.7570483  8.7021617   2.5512338  12.752618   0.94891957  16.019732   14.554241  8.1444741 
     40000      20000   5.7977507  7.3909718   7.6470221  4.1646694   11.932456  0.45308893   12.040885  4.7311842   12.820138  12.543311   11.822106  8.8347382   9.1482927  7.2884408    5.034675  10.668201   3.3057161  4.5926154  -1.8020837  9.3458597   5.3085611  1.6837476   8.3270545  0.63447196  -1.0178764  12.597571   8.8449781  10.764557   8.3086316  19.697598   12.322699  16.805435   8.7043893  15.155278   4.7057689  16.536958    5.918759  13.525368   1.6498442  9.0400635   2.6934783  13.229385   0.62370644  16.316646   15.006556  8.4116023 
     41000      20500   5.9140453   7.570208   8.1743283  4.6419468   12.376738  0.23107148   12.426089   4.566076   13.099208  12.549093    11.67713  8.7274728   9.2785069  7.4722144   5.2913754  10.904942   3.3350808  4.9695357  -1.3279474  9.3037716   5.8869113  2.2239581   9.0045048  1.3180559  -0.75860738  12.628517   9.0133603  10.989555   8.7802753  19.664857   13.016251   16.81011   9.4367011   15.05408   5.0828048  16.724523   6.5220429  13.568448   2.0813808  9.2682941   2.8767389  13.570626   0.53814896  16.668267   14.894662    8.66795 
     42000      21000   6.2093207  8.2092447   7.8867246  4.7996442   12.608231  0.30614218   12.356796  4.8159339   13.232905  12.381464   12.110467  8.9159497   9.4601804   7.626805   5.6316412  11.420888   3.6732446  5.4645995  -1.0424529  9.8085307   5.7776969  2.4972429    9.141737  1.3709451  -0.37650561  13.079965   9.2570737  11.284029   9.2687308  19.923346   13.098697  16.760228   9.6670634  15.392342   5.5524533  17.113087   6.7029366  14.098975   2.3242381  9.5249667   3.2575021  13.933743   0.96873771  17.056173   15.397969  8.3605951 
     43000      21500   6.3804641  8.0295017   7.9861686  4.8683484   12.781112  0.98599206   12.519472  5.2657717   13.292857  12.793032   12.178505  9.1642072   9.6196225  7.8453869   5.9979556  11.300622   3.6660854   5.369945  -0.74154584  9.8486058   6.0203494  2.5282489   9.2852579   1.666538  -0.21209245  13.167727   9.5732447   11.48496   10.076726  20.092061   13.254782   16.83619   9.5169474  15.575495   5.8964306  17.349385   6.6572811  14.129059   2.6691403  9.6013278   3.4159064  13.909456   1.6433088  17.507949   15.529106  9.1382148 
     44000      22000   6.2832377  7.9288175   8.0762451  5.1344616   13.415398  1.2442666   12.294153  5.4097432   13.590376  12.539637   12.257887  9.3072046   9.5845745  8.0626836   5.9277513   11.17349   3.3387136  5.3498459  -0.78980273  9.8589588   6.2484423  2.6880484   9.7588225  2.1252229   0.26605231  13.156155   9.6717303  11.385975    10.31118  19.587576   14.111243  16.734447    10.33144  15.100875   5.9432653  17.230809    7.246394  13.896599   2.5542047  9.5905618   3.8491421  13.988791   1.5078437  17.080146   15.507456  8.8360239 
     45000      22500   6.3600124  8.0706704   7.9497431  4.9101731   13.434859  0.8609588   12.385121  5.0407136   13.607708  12.428242   12.121398  9.2131067   9.6286344  7.7015876    5.585828  11.320789   3.9475476  5.1558368  -1.0171227  9.6990756   6.0423383  2.1356333   9.5183868  1.7770804   0.21435864  12.926293   9.2485286  11.279767   10.304311  19.198256   14.571646   16.55467   10.596929  14.924233   5.7536661  17.641845   7.3007431   14.35715    2.457918  9.4257171   3.8206966  14.168184   1.5738909  17.100594   15.399326  8.7139962 
     46000      23000   6.2502987  8.1760258   7.6955187  4.9326585   12.919231  0.76227823     12.6089  5.0454876   14.380102  12.022831    12.43233  9.0415301    9.649815   7.640583   6.0357116  11.559396   3.9322396  5.1239346   -1.047156   10.15912   5.8051695  1.7834671   9.4707118  2.0338977   0.53954517   13.12473   9.6855961  11.235807    10.47876  19.256713   14.698818  16.176094    11.14658  14.796224   6.1166158  17.787739   7.9993838  15.056282   2.4451267  9.3799848   4.1280571  14.433041   2.0045974  17.801735   15.773168  8.0489371 
     47000      23500   6.4883896  8.4859773   7.6143573  5.1363199   12.984907  0.58457916   12.704195  4.9045657   14.261685  11.711722   12.751349  8.5491193   9.7493131  7.4550238   6.2962306  11.823551   3.8054138  5.8504505  -1.0815861   10.84478   6.1988539  2.4604706   9.4502922  2.0843518   0.53218925  14.016596   9.9834428  10.725918   10.378309  18.717091   14.507168   16.07321   11.126714  14.254195   5.8739579   18.26021   8.0105493  15.120808   2.4455529  10.057178   4.2684516  14.601518   1.9797678  17.937136    16.27228  7.9292469 
     48000      24000   6.8284752   8.737497   7.2322225  5.1052021   12.633037  0.02881444   12.921883  4.3651935   14.490642  11.667808   12.789307   8.169414   9.8391499  7.0308117   6.9035895  12.357996   3.6142371  6.4562977  -0.90802723  11.130959   5.2253304  2.7245907   9.1908494  2.1429811   0.36814674  14.051751   10.263244  10.532334   10.211524  18.491543   14.654956  16.141417   11.060024  14.223757   5.5373313  18.607834   7.6410518  15.409566   3.0024564  10.787566   4.1553668  14.769393   1.5176795  17.796574   16.126672  7.7488486 
     49000      24500   6.7886089  8.9192884   6.7105552   5.281621   10.747039 -0.37092068   12.497561  3.8671695   14.250091  11.559944   12.628373  7.7780855   9.6661629  6.6465729   6.7266572  12.323086   3.5750947  6.8337082  -0.71776838   11.83621   4.5674534  3.0635784   8.2756697  2.3815585   0.16032847  14.974885   10.228496  10.272605   10.618749  18.475858   14.535503  16.057249   10.782986  14.100932   6.1637906  18.362037   7.5660081  15.216455   2.8958911   11.08086   3.9894851  14.996558   1.9290667  18.921962   15.951578  7.5707437 
     50000      25000   6.4506338  8.9586395   6.5476479  5.4523962   9.8068613 -0.74186606   12.067517  3.8264709    14.37129  11.139769   12.541365  7.7603751   9.4263012  6.6508161   7.2633051  12.497602   3.0497307  6.5665668  -0.23471757  11.809072    4.364209  3.0273947    8.142943  2.5678014   0.92415482  15.048315   10.109586  10.104838     11.2152  18.811581   14.423654  15.453374   11.018426  13.772578   6.7544701  18.420827   8.2524849  15.465899    3.264381  11.266929     4.75666  15.155964   2.6921914  18.774381   15.696358  6.9308191 
     51000      25500   6.5573299  8.8516448   6.4653682  5.1494205   9.6798811 -1.0850998   11.713487  3.0958424   14.980406  11.123222   11.906625  7.1205032   9.2531778  6.4705204    7.664597  12.427866   3.0186933  6.9509349   0.074046784  12.149551    4.044475  3.2271535   7.4984871  1.9322902   1.6230291  15.290959   10.422586   9.979693   11.700608  18.608066   15.132438  15.484811   11.550329  13.861184   6.9326807  18.547031   8.5253404  15.594501   3.4066141  11.283463   5.2387405  15.079782   3.0576846  18.819223   14.977481  6.5711168 
     52000      26000   6.8350384  8.8116429   5.3468418  5.3165793   9.9682474 -0.15797229   12.092397  3.7005159   15.105362  11.769081   10.996987  7.1729835   8.5877348  5.7323633   7.7575176  12.469249   2.3559835  7.5691932   0.22236567  11.174315   3.7736294  2.3854629    7.540804  2.5585145    1.473713  15.014577   11.081228  10.335101   11.614036  18.987879   14.959026  15.842209   11.389392  14.229031   6.7245839  19.137441   8.8377325  16.011896   3.7132109  11.561137   5.4408234  15.504001   2.4944145    19.2373   14.380288  7.7375446 
     53000      26500   6.7765206  8.9924112   4.7591532  5.7925734    10.25501 -0.20080369   12.048456  3.8244158   15.266975  12.142728   10.139979  7.2915136   7.9142439    5.47717   7.8555036  13.020089   2.4210139  8.6636561   0.56889739  11.586363   3.7855197   2.568628   7.3710079  2.2530114   1.1393558  14.981326   10.722325  10.668979   11.705716  19.523977   15.201894  16.376435   11.882271  14.434664   7.0841744  19.205418   9.1904854  16.311291   3.9445453  12.121088   5.3784351  15.619526   2.9944817  18.532489   13.809577  8.1362608 
     54000      27000   7.2164469  9.0986334   5.4305204  5.9280149   11.078919 -0.2888482   12.137708  3.9317106   15.299344  12.259922   10.592546  7.4955174   8.4738535  5.7321292   7.8779825  13.210899   2.5875512  8.2359935   1.1441984  11.384027   4.5242621  3.0755617   8.0509985  2.5268122   1.8615449  14.915332   10.744019   11.19233   11.841711  19.608962   15.489619  16.550626   12.142014  14.847698   7.1643345  19.247528   9.2402471  16.460292   4.4402283  11.882643   5.5635737   15.82949   3.0289772  18.850511   13.623057  8.4652129 
     55000      27500   7.8636174  8.9242855    5.063514  6.3751698   11.765634 -0.45482154   11.991099  4.0144448   15.660119  11.988907   10.470248  7.3305119   8.0707129  5.2257262   8.7615315  13.033289   2.4675127  8.8444474   1.5542903  11.807225   5.7039895  3.3209061   8.7434137  1.7339456   2.3617556  14.802396   11.478269  10.838292   12.155321  19.783714   15.952021  16.572901   12.371665  14.724721   7.4794305  19.125847   9.4712301  16.407201   5.2538853  11.674361   6.2398924  15.475878   3.8196848  18.159773    14.07232  8.0889277 
     56000      28000   7.9802548  9.1328228   5.6050748  6.4212679   13.255454 -0.055223439   13.034479  4.0200555   15.453899  12.444263   10.700999  7.2506917   8.6698368  5.2110294   8.7166444  13.252972   2.6288609  8.5907499    1.407597  11.716675   6.6210886   3.373077   9.4470191  1.6374052   2.4125103  15.132497   11.413807  11.071307   12.594644  20.052008   16.067871  16.807172   12.263919  15.104381    7.825997  19.633129   9.6852489  16.941639   5.0443676  12.117261   6.4790426  15.933253    3.872502  18.959556   13.994715   8.426924 
     57000      28500   7.9331035  9.2245472     5.85022  6.0584951   13.562365 -0.56735503   14.182434  3.7351721   15.686415  12.640288   11.317271  7.0122673   8.8284956  5.3237701   8.8621524  13.324682   3.3097674  8.8151473   1.0657753  11.901005   7.2621362  2.6985744   10.286998  1.3880606   2.2753159  15.090133   11.796249  10.848252   12.312721   19.90342    16.23181  17.082282   12.402055  14.978368   7.5974369  20.086947   9.6444066  17.002979   4.9099829  12.517012   6.3793043  16.275552   3.4781304  18.719294   14.717609  8.2091767 
     58000      29000   8.0018051  9.0402573   5.8051541  5.4853392   13.510699 -0.81050998   12.502252   3.313119   15.628959  12.179485   11.067715  7.2250666    8.843044   5.333835   8.9522606  13.221812    3.793342  8.8298663   1.6783634   11.55705   7.5426292  2.3197172   9.7792998 -0.27074047     2.47398  14.791211   11.833801  10.638969    12.44568  19.632243   15.987293   16.53653   12.254648  14.839283   7.6343497  20.127332   9.5125328  16.805005   5.4911087  12.265852   6.3839844  16.038538   3.4823264  18.504988   14.555632  7.4738731 
     59000      29500    7.700083  8.9383908   5.8607256  5.4213914   13.091287  -1.136138    12.23194  3.5219696   15.740005  12.071951   11.040937  7.6460983   8.9664255  5.8881727   8.6228845  12.571373   3.4305373  8.2413214   1.5767758  11.342203   8.2838124   3.086114   9.4929467 -0.093909887   2.1869823  14.659904   11.797694  10.787482   12.331927  19.366738   16.087155  16.603359   12.433609  14.604279   7.7248312   19.33964   9.6512861  16.382103   4.9694799  11.865721   6.4040133  15.439479   3.7894869  18.329645   14.443547  7.7464391 
     60000      30000   7.8291279  8.6197052   5.4950444  5.8047294   13.710232 -1.2341356   12.707743  3.6630032   15.556006  11.897835   11.018258  7.3035799    8.810591  5.4352714   8.0764587  12.133905   1.9194142  7.6786182   0.85631292   11.24378   7.9423864  2.7058204   10.319018  0.22264933   2.4921935  14.051687   11.423543  10.618101   12.708544  19.401053   16.049082  16.168564   12.343254  14.593744   8.0661164  18.937119   9.3501509  16.038715   4.5099085  10.657535    6.235413  14.841748   4.0762976  17.803537   14.604222  7.7508528 
     61000      30500   7.6245863  8.4410259   5.1057857  5.0931235   14.606465  0.036403794   12.156538  3.5720705   15.348177  11.352611   10.645521  7.0627226   8.2855231  5.1291181   8.0844238  12.235738   1.7319176  6.9375107   0.89388913  10.545415   7.6117764  2.1026208   10.408337  0.025870696    3.217439  13.414925   11.280976  10.150883   12.379833  19.010441   15.846843  15.802899   12.191686  13.979334   7.6037803  19.083408     9.59355  15.978682   4.2817342  9.9423384   6.4503713  15.460967   3.7290484  18.128614   14.526633  7.1632361 
     62000      31000   7.9861244  8.3158701   5.4496022  5.6978897    13.99349 -0.69545945   11.715666  3.0406054    15.44085  11.004502   10.743995  6.6177546    8.386234  4.7260268   7.7489539  12.337434    1.775795  6.6073043   1.4181154  10.442143   7.0676336  2.0871149   9.7529405 -0.45627034   3.1508608  13.657302     11.3023   9.920507   12.339708  18.690068   15.745251  15.340021   12.067264   13.63112   7.6255247  19.311161   9.5099673   15.63968   4.6152119  9.6778767   6.2715943  15.681866    3.366521  18.140421   14.165041  6.8970469 
     63000      31500   8.2687436   8.381561   5.2835512  5.5963745   13.246248 -1.5273614   11.675741  2.7033609   15.255662  10.841714    11.03646  6.3665747   8.3170512  5.0771711   7.9114536  12.270211   1.6380866  6.7108009   1.7467009  10.480231   7.3416845  2.4709827   8.9908061 -0.61750763   3.9069682  13.193663    11.58449  9.5961196   11.499203  18.314979    15.20118  15.198076   11.726876  13.408608   6.7226288  19.953374   9.1899779   15.28948   4.8408791  9.5431701   6.2140506  16.178752   2.7793084  17.643229   14.320952  6.4875922 
     64000      32000   7.9756993  7.9165583   5.0164563  5.7050527   12.798828 -1.7554628   12.081533  2.5097654   15.541415  10.475211   11.202836  6.0517699   8.5537758  4.6041257   8.1568748  11.764979   1.1983815   7.540492   1.6692035  11.316015   6.5865459  2.3385171   8.9135496 -0.35428216    4.333763  13.311887   11.451909   9.372194   10.910681  18.148168   15.360479  15.078442   12.003038  13.309439   5.7290919  20.261943   9.0383892  14.797441   4.6793406  9.5929471   6.4434411   16.56981   2.4472479   17.07063   14.546626  6.3551542 
     65000      32500   8.0303144  7.3177287   4.8353974  5.8178885   11.305354 -2.1736208   12.784304  2.1611464   15.533931  10.791489   11.146531  6.2010133   9.3763065  4.0505669   7.9459342  11.643389   1.3178747  7.2645359   1.3364604  10.719152   6.5462542  2.9454436   8.6438342  0.41920794   4.0320287  13.199694   11.314663   9.526155   10.597264  18.294547   15.179928  15.576057   12.135871  13.282595   5.5378205  19.583448   9.3165791  14.486283   4.6934545   9.431445   6.5994159  15.851689   2.3635083  16.895436   14.315852  6.6047719 
     66000      33000   8.1211139  7.4463863   4.8006927  5.1313784   10.824617 -2.2917066   12.192625   2.220813   15.646127  10.955761   10.859916  5.8668827   8.3852388  4.0230334   7.9921826  11.465826   1.1316771  7.0234276    1.733667  10.535205    5.645164  2.0521248    8.475057  0.62866477   4.3192538   12.57736   11.453612  9.4419665   10.636042  18.090211   15.124822  15.451948   12.155923  13.250376   5.9267217  19.303216   9.3084871  14.372917   4.7962788  8.8010729   6.4846635  15.620503   2.5641375  16.569307   14.142108  6.5394955 
     67000      33500   7.8594948    7.43361   4.7459246   5.647746   10.014867 -2.0105972   11.942639  2.2484142    15.66147  10.639591   10.530612  5.7376707    7.865688  4.2545634    7.677428  11.315483    1.187641  7.2721141   0.7441056  10.656075   5.4395018  2.6870185   7.9551509  0.97952168   3.4538728  12.620271   11.207976  9.1660745   10.554183  17.827857   15.134216  15.592063   12.315429  12.925867   5.8711682    19.5237   9.4402682  13.920865   4.6695475  9.1517867   6.6037203  15.187394   2.8418674   16.60598   13.920023  6.5005466 
     68000      34000   7.8629598  7.6840115   4.8595847  6.0568013   9.5772083  -1.754551   11.856342  2.3288183   16.007549  10.719543   10.793529  6.0255155   8.2313965  4.4873135    7.576821  10.959598   0.94750025  6.9389431   0.60857316  10.651928   4.6801708  3.1239311   7.6807961  1.3343693   2.7288788  13.369299   11.579988   9.322438   10.720557  17.377509   15.584009  15.669811    12.60481   12.93273   6.5136511  19.309393   9.4075025  13.404024   4.0441125  9.5966095   6.4777958  14.940064   3.1134819  17.267162   14.326271  6.4367128 
     69000      34500   7.8626322  8.2020608   4.7109927  6.6269939   9.7287686 -1.1870978   11.623307  2.7080896   15.888507  10.819707   10.744171  6.3301282   7.9625014  4.9441413   8.2080898  11.582616   1.1426957  7.4424548   0.85041632  11.079004   4.2740773  3.5258773   7.4432229  1.8920724   2.0556173  14.224926   11.754958  9.4656065   11.448074  17.602402   15.885262  15.364385   12.446032  13.168863    7.292743  19.551911   9.2310336  14.326372   4.2956384  10.623547   5.8359779  14.842147     3.48019   18.31912   14.579144  6.4924815 
     70000      35000   8.0830165  8.5753847   4.9915648  6.7708646   10.189858 -1.0200165    12.23593  2.9743323   15.524208  10.894686   10.766553  6.3416187    8.071166  5.2330969   8.9970472  12.115469   1.5674299  7.3377695   1.2559485  10.733155   5.0799915  3.6601659   8.1637615  1.9744677   2.4443575  13.860881   11.660194  9.5739236   12.198095  18.804456   15.801781  15.331662   12.283267  13.615571     7.60107  18.725006    9.643375  15.542985   5.0034441  10.722379   6.3630423  14.777083   3.8454924  17.903026   14.420226  6.7013388 
     71000      35500   8.3311716  8.2354853   5.4537786  6.2707059   11.179469 -1.0001602   12.551937  3.0849537   15.413503  11.426438   11.242077  6.5456377   8.7979677  4.8155643   8.6088461   12.01792   2.1602033  7.4352201   1.2393764  10.557184   5.9390728  3.2872735   8.7208004  1.6750201   2.2104169  13.442219   11.558372  9.9606848   12.182964  19.257048   15.642261  15.949206   12.116493  14.231869    7.258219  18.426961   9.3946348  15.877721   4.9961101  10.111483   5.8531073  14.432452   3.1137721  17.238735   14.503343  7.2653034 
     72000      36000   8.5092223  8.6236492   5.7926714  6.2004048   11.216613 -0.93079595   12.566854  3.3125763   15.493906  11.833571   11.150375  7.0174063   8.8219296  5.0031712   8.4371801  12.378776   2.2810627  7.4410034   2.1877889  11.266865   5.2697259  2.8834981   8.3747549  1.8159722   1.9175944  14.472064   11.700375  10.665422    11.34193  19.033299   15.145628  16.347292   11.751635  14.471176    6.790257  18.467285    8.801051  15.768759   5.3532345  10.290959   5.6226175  14.881343    2.481461  18.243059   14.404621  7.6293183 
     73000      36500   8.8332207  8.3390536   6.1542001  5.9961417   10.075816 -0.64118058   12.567017  3.1067943   15.599131  11.710416   11.586479  6.8027875   9.2876745  5.0491822   8.5408271  12.125212   2.3976026  7.2651442     2.71975  11.842088   3.9885899   3.639948   7.3507544  2.3122522   1.1302534  15.383114   11.905533  10.236945   10.863867  18.486878   15.363271   16.50003   11.937824  14.140012   6.1978796  18.063096   8.4140686  15.112269   5.6188383  10.052679   5.0311888  14.469221    2.327399  19.060712   14.748864  7.0996094 
     74000      37000   8.4168038  8.4338696   5.6445302  6.2025701   9.9952173  0.5956478   13.040948  3.8534066   15.505321  11.922603   11.365523   7.114152   9.0507712  4.9758089   8.1806868  12.187818   1.6737993  7.4436334   1.8203456  11.750856    3.392801  3.8923769   6.5360232  2.7390593   0.34113016  14.926757   11.598379  10.303961   10.746864  18.313906   15.282067   16.24384   11.730689  14.042598   5.8788131  18.282185   8.1515136  15.266154   4.8206966  10.049238    4.371018  14.656977   1.7091089  18.526352   14.699182  7.7808953 
     75000      37500    7.990292  8.5248694   5.2838326  6.3635171   9.7660995  1.4800514   13.164638  4.0874365   15.115498  12.261267   10.893373  7.0412638   8.6666847  4.9500013   7.6040495  12.648945   1.5570809  7.7226846   1.4211912  11.644619   3.0605641  4.0920352   6.2727501  2.6544943  -0.33075702   14.68272   11.116813  10.508779   10.325882  19.097331   14.222521  16.478554   10.935411  14.344861    5.671213  18.947819   7.6013152  15.938761    4.516405  10.337849   4.0019948  14.451853   1.8157441  18.028094   14.420895   8.144676 
     76000      38000   7.5800252  8.2793164   4.7658575  6.1500136   9.4127246   1.411583   12.473806   4.167453   14.397205  13.032905   10.717233  7.4135675   8.2308024  4.7336803   7.0926133  12.318229    1.044827  7.4301664   1.0544949  11.220529   2.3274812  3.9724327    5.443717  2.4614656   0.14542829  14.466088   10.559012  10.786517   9.4818564  19.327322   13.707394  17.192384   10.486514  14.640233   4.9644292  18.510236   7.0971091  15.670076   4.0589102  9.8939911   3.8887735  14.445863   0.91312931  18.490397   13.975595  8.8201709 
     77000      38500   7.3276733  8.3700232    4.435933  6.5422395   9.0355716  1.3255925   12.505983  3.8440818    14.01585  12.874855   10.268608  7.1769336    8.470193   4.725561    6.950115  12.190251   0.6098387   7.797792   0.39553213  11.728239   2.3197162  4.6456751   5.4617348  3.0522293  -0.81946972  14.861212   10.323342  10.811088   9.0045604  19.392165   13.221847  17.275228   10.161166  14.776687   4.6730403  18.026684   6.5039023  15.376248   3.6520981  10.210007   3.2547153  14.119789   0.52728075  18.653131   13.385785  8.4207765 
     78000      39000    7.628507  8.3555555   4.5869963  6.5973252   8.8593131  1.2574709   12.525778  3.7609696   14.600956   12.57975   10.743633  7.1519854   8.4925959  4.9272114   7.2247605  12.426752   1.0550486  7.9499419   0.91379321  11.532122   2.3030537  4.6924476   5.3682511  3.2838508  -0.35107358  15.185366   10.698152  10.598805   9.1703932  18.820841   13.530838  16.894755   10.395443  14.372498   4.5803314   17.97884   6.3791904  15.353789   4.1027534  10.282231   3.2539206  14.190722   0.7877929  18.948807    13.82832  8.2433772 
     79000      39500   7.7340561  8.1051693   4.8387513  6.1345528   8.6340562  1.2520834   12.683888  4.0694296   14.520674   12.94694   10.993274  7.3008644   8.5034812  4.6789535    7.174606  12.000293   0.60475364   7.820341   1.2038244  11.637816   2.1502549  4.7373599   4.7785092  2.6781656   0.46892484  15.445924   10.805174  10.539488   8.6147157  18.518234   12.974057  17.091598   10.273126  14.239069   4.0240294  17.403868   6.5197639   14.95359   4.0389777   9.737749   3.6683336  13.507599   0.47402191  19.487795   14.500555  8.7207727 
     80000      40000   7.3656014  8.6489417    4.578652  6.5355327   8.9583177  1.9537141   12.585553  4.7130942   14.075865  13.326053   10.207535  7.5780779   8.4119926  5.3063025   7.1478476  12.147669   0.15239053  8.2483908   0.92747394  12.031056   1.8124297  5.1349905   5.0538243  3.1869695   0.023054093  15.232013   10.614116  10.871726   7.9916864   19.58137   12.516077  17.751324   10.017669  14.862067   3.6833837  17.648588   6.7110596  15.555389   3.7566598  10.090192   3.8301677  13.935119   0.17217294  19.321312    14.53021  9.0680402 
     81000      40500   7.5849401  9.0278046    5.417293  6.1645457   9.6030113   2.498777   13.177062  4.9703721   13.843634  14.271725   10.913249  8.0152501   8.7343793  5.6482692   6.8088726  12.644328   0.28051106  8.1497607   0.89755076  11.842724   2.4277386  4.9926468   5.7464806  2.8730318   0.092957535  15.613823   10.467797  11.456464   7.4223333  19.904799   12.079695  18.341575   9.4216624  15.450939   3.3724519  17.784326   6.2398658  15.874914   3.9778601  9.9103922   3.4653989  13.956743   0.04138702  19.677791   14.047387  9.6832746 
     82000      41000   7.9802697  8.9403522   5.9775196  6.1962866   10.042351  1.9888973   13.257972   4.878401   13.935286  13.980791   11.110228  7.8929311   9.2105527  5.6235388   6.7979245  12.361221   0.4567478  7.7354977   0.5411703  11.574091   3.1747534  4.8641396   6.2741561  2.8397838  -0.26072912  15.357232   10.760551  11.356539   6.9877028   19.37809   11.783488  18.104145   9.4098206  15.010869   3.2283728  17.123865   6.1340441  15.396182    4.001718  9.4541066   3.1809764  13.425425   0.36079323  19.553677   14.159387  9.2157821 
     83000      41500   8.0842008  8.7820261   6.3439082  5.9320554   10.414956  1.8948206   13.855539  4.6249152   13.989699  14.053402   11.568334   7.830456   9.7589423  5.3546568   6.8837114  12.192046   0.35965423   7.440119   0.47185163  11.081054   3.3879615  5.1935039   6.7326784   2.672557   0.0037541822  14.886673   10.806021  11.441877   6.8832756  19.155452   11.841672  18.312472   9.4146771  15.267665   3.2409013  16.622471   6.0506301  15.068599   3.8933498  9.0151236   3.2288927  12.893015    0.620063  19.299069   14.482266  9.6566454 
     84000      42000   8.1646239  8.4366067   6.6591131  5.2332119   9.6954001  2.0689341   13.683828  4.1883001   13.676594   14.01593   11.730179  8.0032074   9.9870604  5.5506696   6.8869989  12.037159   0.48827027  7.2422414   0.37387594  10.885329   3.5095215  5.0643992   5.8416806  1.7887895   0.051720607   14.74065   10.654612   11.24387   7.0521251  19.194385   11.785219  18.256823   9.2680916  15.064834   3.2369993  16.774112   5.9378249  14.972434   4.2905457  8.9288742   3.2924439  12.766644   0.13865242    19.0401    14.86849  9.3450987 
     85000      42500   8.1431542  8.2389803   6.5884421  5.1160769   9.2114974  2.2597193   13.591896  4.1776152   13.907692  14.237267   11.672977  7.6525981   9.9701264   5.460376   7.2812702  11.748176   0.45559686  6.8093969   0.67439421  10.526334   3.4353917  5.1036003   5.1613553  1.9514284   0.46273931  14.988549   10.906408  11.035181   7.1091378   19.10622    11.89212  18.250481   9.4978406  14.940261   3.5857546   16.55955   6.3031998  14.794541   4.2781866  8.8254234   3.4254299  12.758998   1.5067127  19.819612   14.527653   9.540502 
     86000      43000   8.5171456  8.3184056   6.7766412  4.9989881   9.2719719  2.1131204   13.511524  4.1433605   14.318763  13.616092   11.732742   7.640997   10.034845  5.3387299   7.6516338  11.758012   0.82024572    6.84221   1.2881492  10.394459   3.6731177  4.8551006   5.4301026   1.718045   0.71188095  15.517301   11.208445  10.962521   8.0497232  18.860169   12.684614  17.554378   10.099677  14.610106     4.15474  16.215831   6.8681424  14.685681   4.7138481  8.7367906   3.7490644  12.621774   3.1736777  19.840176   14.731862  9.0459751 
     87000      43500   8.1838766  8.3177884     6.47871  4.7242903   9.1762624  1.7683449   13.070974  4.0811758   14.337643  13.049972   11.407078  7.4176728   9.5429343   5.251607   7.1227566   11.81343   0.56595085   6.619554   1.6615809  9.8943397   3.4217136  4.6829037   5.3350702   1.258161   0.93730418  16.573487   10.799574  10.851845   8.4985383  19.121867   13.076062  17.307995   10.304291  14.726107   4.5912454  16.584408   7.1750821  14.912932   4.5172485  8.1086905   3.3084277  13.001491   3.7113343  20.297109   14.464107  8.9017392 
     88000      44000   7.7444224   8.298316   5.9553987  4.6675323   8.4626822  1.6260873   12.292137  3.8759116   14.401976  12.880751   10.909138  7.3877689   8.8946918  5.2931031   6.6260798  12.067604   0.40212696  6.5642132   1.1676493  9.9716025   2.9921497  4.2240043   4.6297709  1.3177092   0.99673938  16.698926   10.421515  10.951416   8.5753106    19.1569    13.17448  17.243348   10.613925   14.66187    4.780719  15.983171   7.6951395  15.246606   4.0649855  8.1826955   2.6251388  12.947178   3.8581369  19.826537   13.783303  8.6530347 
     89000      44500   7.5002632  8.2066601   5.2780406  4.7197168   7.9203247  1.4596528   11.887937  3.8375656   14.302069  12.682399   10.616876  7.5989737   8.3272773  5.0535273   6.4157519  11.586828   0.14174218  6.9810982   0.98252368  10.371985   2.2407519  4.1752519   3.9886253  1.2995055   1.0928018  17.037717   10.288258  10.902786   8.5611507  18.877409    13.36464  17.216237   10.471953  14.694712   4.6280443   16.41779   7.2544325  14.611282    3.848853  8.6832489   3.1097581  13.003622   3.8536379  20.151167   13.885203  8.2697341 
     90000      45000   7.4096734  8.1306004    5.203461  5.0435494   8.1199978  1.7242577   12.229962  3.7674329   14.240109  13.043433   10.638568  7.3241683   8.4348294  4.9406853   6.5859717  11.701405  -0.1188164  7.3763486   1.2908332  10.709453   2.1456654  4.3739804   4.2332122  1.5412896   1.2646259  17.017508   10.523273  10.630291   8.8114033  18.913912   13.649514  17.602812   10.619175   14.64502   5.0687772  16.476794   7.5440595  14.595068   3.7496843  8.6457223   3.1386969  13.377768   3.7543507  20.010998    14.11857  8.5036706 
     91000      45500   7.4947565  8.1997466   5.5340022   4.970923   8.2261541  1.9566301   12.769888  3.4331593    14.57483  12.690695   10.762611  7.2808739   9.0076949  5.0058056   6.2821239  11.722861  -0.31184654  7.0869153   0.82693306  10.342825   2.2988512  4.5876552   4.2047397  1.8171626   1.2471454  16.708879   10.389205  10.642184   8.9890829  18.445094   13.649538  16.992564   10.871448  14.349876   5.1106531  15.988949   7.8325287   14.32962   3.6573613  8.1758812   2.8679073  12.874874   4.2280815  19.770006   14.152674  8.1793303 
     92000      46000    7.181662  8.3569541   5.5039078  5.0114049   8.1043161  1.9360503   12.342982  3.7617059   14.928999  12.010663   10.519472  7.3987939   8.7384237  5.1871525   5.7863209  11.673314  -0.64443663     6.9985   0.3897065    10.4012   2.4018726   5.173295   3.9476918  1.8944964   1.5736191  16.745072   10.048917  10.749768   9.4645155  18.015598   14.442098  16.792377   11.701164  14.182599   5.2778488  15.810372    8.263867  13.978618   3.2714069  8.6422243   2.4567391  12.967443   4.8759774  19.591314   13.748592  7.9754005 
     93000      46500   7.1394435  8.5352083    5.267242  5.4591086   7.5720586  1.9813387   11.894826  3.4525358   14.618242  12.163765    10.32149  7.4524341    8.514668  5.3145959   6.1840125  11.856037  -0.91041057  6.8970588  -0.0340236  10.194681   2.0668677  5.2112481   3.8123258  2.2300419   1.2115543  16.598947   10.433629  10.840651   9.0450759  18.300952   14.460149  16.908058   11.420085  14.628429   5.0460147  15.565364   8.1245477   14.25367   3.2363414  8.8277341    2.397261  12.632453   4.3137719  19.307472   13.878549  7.6509293 
     94000      47000   7.1150226  8.6426939   5.1872301  5.3521122    7.531505  2.2837915   11.757678  3.8166282   14.748218  12.563638   10.681035  7.5123396   8.3563722  5.5924019    5.592586  12.003281  -1.5635843  6.4638458   0.14444501  9.8137423   1.9641137  5.3082913   3.6491131  2.1115369   0.7049812  16.944217    10.03305  10.944078   8.6622429  18.359466   13.648517   17.25147    11.06364  14.537373   4.6406996   15.85587   7.8012768  14.102458   3.3625962  8.8669254   1.9735264  12.885472   3.8013716  19.691687   13.890663  8.2099641 
     95000      47500   7.4915244  9.1637507   5.7042965  5.8053924   8.0056964  2.6708665   12.372253   4.204775   14.553578   13.25635    11.10052  7.8536484      8.8786  6.0159041   5.4285153   11.92874  -0.56215217  6.2172319   0.25649498   9.782551     2.56527  5.3387894   4.0616108  2.6088839   0.87908184  16.653697   10.779111   11.18166   8.3839259  18.539399   13.268584  17.914477   10.914764  14.932519   4.6963209  15.411456   7.9474995  13.964781   3.4271892  8.8063048   1.6284835  12.796795   3.7208416  19.491397   14.083045  8.8381979 
     96000      48000   7.5254737  9.4469599   5.6749485  5.7876375   8.3852936  3.0746504   12.495992  4.7861991   14.881256  13.633796      11.084   8.186994   8.7310122  6.3521786   5.2826184  12.182636   0.12255972  6.3043421   0.092875553  9.7762408    2.899027  4.3203886   4.8584605  1.6137668   0.9868159  16.527272   10.927546  11.399984   8.4258074  18.781515   13.278953  18.197304    11.04483   15.16862   5.0062953  15.622861   8.1321582  13.857582   3.4235011  8.7487441    1.732542   12.76734   3.6997331  19.406765     14.1693  9.2384523 
     97000      48500   7.5906646  9.1467117   5.6456155  5.6568467   8.8520032  3.1981348   12.840474  4.6235783    15.22535  13.425177   11.068173  8.1864856   9.0011656  6.2739032   6.0279036   12.24726   0.97794781  5.9568781   0.23533902  9.1660361   3.3277211  3.5153683   5.7886862   1.281381   1.4975518  16.290963   10.522486  11.703694   8.8198487   18.65536    13.93843  18.687671   11.812419  15.497543    5.214845  15.860676   8.4986602  14.583408    3.705069  9.0631094   2.0788578  12.513629   3.6946473  19.679904   14.210761  9.2418447 
     98000      49000   7.7075937  8.7585612   6.1131491  5.1831048   8.7455223  2.6218403   12.961373  4.3242948   15.066802  13.692248   11.442701  8.1722555   9.4008818   5.945883   6.6163079  12.027236   0.29369489  5.5838029   0.62923635  9.0301603   3.0289461  3.4524477    5.175329  1.1031493   1.0257511  15.719514   10.902791  11.492741   8.3910543  18.650676   13.515981   18.52928   11.440721  15.355662   5.0637108  15.412228   8.5163596   14.28246   3.9153188  8.2526835   2.8422697  12.154608    3.245647  18.944032   14.610133  9.1762138 
     99000      49500   7.8273587  8.8025885   6.1434418  5.2258783   8.8429477  2.6628935   13.222404  4.7702031   14.791612  14.041195   11.404562  8.0840636    9.345566  5.9847032   6.1011031   11.68958  -0.081467037  5.8265977   0.60673097  9.2528522   3.0800811  4.2498261   5.1578723  1.8140369   0.88419773  15.207666   10.796248   11.51572   8.2027979  18.804074    13.12845  18.609457   11.130754  15.241801   4.7820189  15.183355   7.9690021  14.326094   3.7547147  7.9757732   2.5822245   11.88445   3.0054815  18.552243   14.557475  9.7084817 
    100000      50000   8.3918725  8.9351932   6.6714137  5.7256189   9.4583996  2.7648896   13.926512  5.4023356   15.130555  14.744488   11.721356  8.3768612   9.9107669  5.9698281    6.138409  11.553895   0.18894341  6.3991508   0.45471522  9.7718336   3.2261837  4.7007844   5.6096041  2.4945778   0.92806743  15.504428    11.48847  11.854903   7.9577818  19.029194   12.850172  18.830528   10.925235   15.60836   5.0944414   15.19061   8.2128254  13.738966   4.0921766  8.4331491   2.6606739  12.081072   3.2478325  18.596276   15.029656  10.079797 
    101000      50500   8.5701609  9.8052713    6.991525  6.2898739    9.937429   3.445689   14.200233  5.4647329   15.215057  14.883395   12.343752  8.7294452     10.1502  6.8268845   5.5176767  12.034034   0.28647256  5.8809118   0.59319157  9.2120487   3.5407228  4.8270885   6.2643225  3.0286396   1.1987807  16.138068   12.034302  12.137169   8.2180761  19.538371   13.053041  18.810601   10.668042   15.73826   5.1497162  15.513754   8.4671912  13.051051   4.1089217   8.635101   1.8565339   12.22635   3.5556902  19.123154   15.555423  9.9320207 
    102000      51000   8.8350943   9.662651   7.2195996  6.3640399   10.578645  3.6114089   14.500639  5.8394519   15.905038  14.317353     12.3717  9.2405713   10.585636  6.8761119   5.5112977  11.908111   0.37912818  5.4912636   0.70386638  9.0345817   3.9339367  5.1460619   6.6210694   2.868343   1.6923434  16.341551   11.713467   12.83494   9.1499611  20.295447   13.010153  17.499834   9.1587791   15.92431   5.3538343   15.27743   8.2301768  12.831379   4.1007029  8.5832588   1.9407401  12.456849    4.471693  19.292148   15.508623  10.219899 
    103000      51500   8.6901305  9.4434997   7.2533615  5.8728963   10.607716  3.3146076   14.263322  5.8390603   15.323733  14.218866    12.03479  9.1716277   10.384594  6.6326654   5.7896326  11.149398   0.60946979  5.6095615   0.71651185  8.9786379    4.044286  4.4006877   6.9611646  2.4160823   1.5872946  15.718826   11.619238  12.457989   9.1245492  20.547346   12.506974  17.287135   8.7485935  16.064671   5.2641346  14.511903   8.2832718  12.865012   4.1276967  7.9268476    2.461737  11.965393   4.9338258   18.22331   15.384521  10.156535 
    104000      52000   8.5063826  9.2797757   7.2752075  5.7024681   10.692644  3.3009734   14.273471  6.1877012   15.754894  14.562113   11.866904  9.1967666   10.305756  6.6035889   5.6789918  11.161377   1.0111795  5.3753521   0.62573966  8.9181813   4.4317794   4.332066   7.0676263  2.2392502   1.6453409  15.760264    11.68379  12.754561   9.2428789  20.389855   12.690081  17.057816   8.8674189   15.86785   5.2078424  14.563953   8.4006577  12.627768   4.1181629   7.906194   2.2528713  11.881595    4.830906  18.302611   14.909662  10.571883 
    105000      52500   8.4461764   8.811814   7.4897489  5.1131007     10.6403  2.6942353   14.185682  5.4099083   15.981173  13.735991   11.760356  8.8406137   10.410739  6.0996217   5.8327447  11.015212   1.3164323  4.9970446   0.87026797  8.7299939   4.6643147   3.849479   7.0459215  1.5538255   1.6854542  15.909065   11.852955  12.725534   9.2651427  20.186021    13.00841  16.941409   9.1202844  15.670712   5.4507549   14.49672   8.4434889  12.421385   4.3779961  7.6291486   2.3933809  11.890633   4.7963406  18.257473   14.739692  9.8433853 
    106000      53000   8.9419236  9.0600044   7.3702621    4.71853   10.294732   2.271039   14.088523  4.9252108   16.205899  13.616786   12.242006  8.5290195   10.250956  5.9246638   6.0663778  11.173251   1.2411225  5.4836288   0.9395762  8.9318525   4.4195354  3.7894585   6.8495455  0.90700983   1.7926102  15.898586   11.952158  12.410245   9.8455077  20.138504   13.031422  16.514344    8.841979  15.877393    5.258816  14.601353   8.6644161  12.597587    4.703001  7.8065596   2.5526465  11.833247   5.0715935  18.453309   15.350958  9.3972829 
    107000      53500   9.4070098  8.6470513   7.4883969  4.8424342   10.179199  2.2261558   14.329886  4.6913021   16.558705  13.454608   12.634437  8.2640021   10.626175  5.4265218   6.4819188  10.640431   0.91581563  5.2892806   1.4770481  8.6420522   4.3455918  3.8734177   6.7020692  1.2139985   2.2561551  15.480269   12.537327  11.971874   10.362538  19.968997    13.29603   16.11767   9.2842657  15.655304   5.7143369  14.115163   9.0962575   12.32066   4.8191533  7.4301824   2.8788992  11.603023   5.6478079  17.937726    16.01239  9.2753725 
    108000      54000   9.2228912  8.7164534   7.4539988  5.2943681   10.209818  2.3274346   14.329177  4.7445997   16.772991   13.70485   12.433371  8.6261817   10.634165   5.784309   6.4014886  10.591039   0.75209034    5.57002   1.4693133  8.8462708   4.2692456  3.9156498   6.3265314  1.4679874   2.7663868  15.284417   12.752186  12.329381   10.061387   20.36035   13.759328  16.799473   9.8783386  15.779769   6.5101955  14.141607   9.3696228  12.259223   4.6517729  7.4597098   3.1083628  11.716645   5.8247685  17.988778   15.578883  9.4080394 
    109000      54500   9.0557105  8.7034013   7.6114227  5.1818169   10.507239  2.4417263   14.530692  4.7286313   15.513305  13.668638   12.473636  8.1050421   10.678621  5.7924555   6.4679707  11.040008   1.1368178  5.2925028   1.2048601  8.7054688   4.4150628   4.104807   6.8178056  1.7271261   2.1972933  15.503361   12.061049  11.562284   9.7277219  20.633848   12.992995  16.984853   9.1606298  16.100962   5.8567961  14.540342    8.946186  12.713731   4.8134723  7.6858679   2.6753212  11.647176   5.1259444  18.567161   15.610559  9.1332538 
    110000      55000   8.8098738  8.9918688   7.1188737  5.4419078   10.108528  2.8123033   14.381828  4.4529815    15.92766  13.223204   12.513307  8.3267044   10.627162  6.0384544   5.8470428  11.022211   0.45203149  5.4209749   0.99424379  9.2867223   4.0066635   4.206074   6.3923951  1.8106385   1.9024605  16.385537   11.954743  11.806361   10.115946  20.444763   12.819939  16.244176    8.985757  15.921555   5.4300134  14.812905   8.4599994  12.557741   4.0881133  7.7654039   2.5084769  12.296688   5.3948026  18.940888   16.045826   8.671664 
    111000      55500   9.0213882  8.6290045   7.2815912  5.2417146   9.9531915  2.3334003   14.265561  4.1072975    16.06388  13.409648    12.30772  8.0640382   10.611388  5.6618143   6.3017974  10.828982   0.42106672  5.8639677   0.69607665   9.291129   3.9266739   4.212294   6.0947239  1.6565168   2.0473063  16.064444    12.16195  11.493032   10.174986  20.220246   12.693742  15.898952   8.9954103  15.698798   5.6133107  14.340022   8.7819408  12.467618   4.1707899  7.7263956   2.8868555  11.781708   5.6301561  18.220811   15.571562   8.709316 
    112000      56000   9.1399924  8.5881965   7.2994862  5.0937171   10.125354  2.4111858   14.359411  4.9143458   16.310409  13.279359   12.314335   8.247919   10.608992    5.66347   6.2972375  10.510939   0.61754026   5.832836   0.46325282  9.1522679   3.6067911  3.7087827   6.4743179  1.6183327   2.1155798  15.281556   12.200753  12.049046   10.585575   20.39927   13.393012  16.378301    9.340669  15.653698   5.8019974  14.054216   8.8379257   12.21122   4.3144776  7.4132685   2.7888258  11.426599   5.9944852   17.96791   15.209201  9.4291572 
    113000      56500    9.507947  9.2244389   7.3151644  6.1468715   9.8562395  3.0559839   14.127605  4.7928653    16.91536    14.0762    12.59581  8.5499361     10.6275   6.202483   6.1097368   10.14547  -0.17003316  5.7434197   0.50861899  9.0683306   2.7873859  3.7644532   6.0772818  2.6078657   2.1769671  15.671894   12.348696  12.641772   10.276533  20.228045   13.534643   16.75227   9.4164082  15.551922   5.6233563  13.998081   8.5382241  12.269409   3.7202788  7.2211352   2.7187243  11.607785   5.9845288  17.837722   15.726019  9.8595974 
    114000      57000   9.9752751  9.7997019   7.6223912  6.7924104   9.5397409  3.6908445    14.42779  5.4192676   17.285758  13.959709   13.202553  9.1348412   10.980012  6.7198435   6.4398879  9.9653753  -0.49424594  5.8197124   0.61330872  9.1190169   2.2684085  3.4232402   5.7199323   3.812484    2.532086  15.683446   12.923436   12.59186   10.386923  20.312459   13.789289  16.673214   9.6403379  15.816378    5.967934  14.257181   8.7711462  12.570341    3.635778  7.0767351    3.106054  11.549461   5.9966696  18.448384   16.620997  9.7880047 
    115000      57500   10.483885  9.9697785   7.7573784  7.1142374   10.027679  3.7981723   14.597272  5.9231313   17.759922  14.080412   13.854352  9.5797077   10.877841  6.8163863   6.3878767  10.236262  -0.13351968  5.6256269   1.0507812  8.8272797   2.7857766   3.474334   6.2288789  3.8142378   3.0651241  15.802229   13.498006   12.89285   10.818075  20.368994   14.098031  16.728902   9.9433808   15.85841     6.24243  14.042002   9.0555435  12.672524   3.9597728   7.103295   2.6592129  11.816695   6.3414233   18.32926   17.351755  9.7813738 
    116000      58000   10.398799  9.6695993   8.0294557  6.8214441   10.588753   3.701996   14.765325  7.0601577    17.10627  13.498394   15.500881  10.616645   11.135355  6.6790434   6.7221732  9.8777414   0.36491496   5.576665   1.5872725  8.7601921    3.115583  3.3254864   6.5874995  3.7175806   3.1180461  15.484681   12.762599  12.596002   11.093237  20.108572    14.16816  16.493992   9.9769684  15.794178   6.4396914  13.820802   9.3207606    12.5392   4.3698531  6.8516898   3.4192131  11.488111   6.5760311  17.959029   18.663769  9.3138539 
    117000      58500   10.678692     9.8042   8.2130041  7.1251883   10.627297  3.4627954   14.986591   7.909458   17.612924  14.333586   16.084877  11.359499   11.451579  6.6017253   6.8074476  10.150756   0.25282603   5.544602   1.0530432    8.99161   3.3773123  3.8524984   6.8586553  4.0731358   2.9182873  15.745399   13.088464  12.980605   10.852803  20.243546   14.277354  16.879658   10.175022  15.705151   6.2456541  13.834252   9.1826828  12.582817   4.0339001  7.2727361   3.2246872  11.433393   6.8629496  17.783292   19.129602   9.899582 
    118000      59000   10.742419  9.8714515   7.8406238  7.9510556   11.101668  3.2599352    14.85619    7.29865   17.477211  14.025841   15.849939  11.001047   10.905607  6.5083416   6.5587163  10.891927   0.58441953  5.1230061   0.70956902  8.6121778    3.999155  4.3581046   7.4661283  4.4870736   3.0204201  15.554335   13.107443  12.927791   11.219059  20.295909    14.42856  16.792136   10.471492  15.804724   6.5008022  14.345878   9.3213429  12.706849   4.0697126  7.7084529   2.8027194  11.513486   6.8883822  18.280458   19.036709  9.9066662 
    119000      59500   11.253283  9.4868978   7.9662273  8.0608324   11.632923  2.7443506   14.686121  6.6430997   18.141792  13.595004    15.72425  10.635425    10.77661  6.0335145    6.231623    10.9204   0.85232986  5.3231031   0.71406502  8.7864872   4.4251005  4.5352807    7.847314  4.6940086   3.3665943   15.62868   13.171782  12.838434   11.623214  20.017925   14.708707  16.328598   10.523373  15.638074   6.7490658  14.365811   9.3318633   12.31972   4.2291113  7.9536017   2.3462988  11.710913   7.2471647  18.356109   18.690003  9.3063985 
    120000      60000   10.812577  9.8512974   7.7202908  7.8247374   12.039178  3.2042831   14.841503  6.8963553   17.907336  13.663709   15.622481  10.699954   10.950948   6.372436   6.7684125  11.178559   1.2728119  5.3482036   0.66549946  9.2626995   5.1532311  5.3818613   8.3811009  4.3622941   3.4648949  16.305218   13.260929  13.105442   11.414708  20.744743   14.770038  16.860578    10.62185  16.214057   6.8368705  14.693113   9.7371854  12.997799   3.9173633   8.583082   3.0295851  12.412548   7.1635371  18.546779   18.659318  9.3749887 
    121000      60500   10.736584  9.8493433   7.8233226  7.7734103   12.776741  3.4450247      15.095   7.168556   17.276903  14.074078   15.612407  10.904533   11.256751  6.5963159   7.0325491  11.187798    1.938489  5.6217864   1.0427953  9.3084847   5.5562476  5.2657724   8.8327414  4.3074509   3.8408066   16.54694   13.074522  13.187381   11.758082  21.082289   14.399282   17.09614   10.687063  16.356098   7.1814293  14.824045    9.801403  12.888161   4.2311046  8.6969079   3.4343802  12.413759   7.4411133  18.969088   18.739463   10.10572 
    122000      61000    10.41923  9.8539218   7.8161151  7.4330118   13.336575  3.7460783     14.4096     8.0656   17.263287  14.176856   16.018469  11.194378   10.927937    6.42581   6.8292828  11.261278   2.0740137  5.2962403   1.0791777  9.2870403   5.9227152  4.9155766   9.3080977  3.7443014    3.711126  16.745386   13.002482  12.873168   11.558866  21.042613   14.502482  17.098817   10.769107  16.313025   7.0239695  14.932511   9.5458371  13.029412   4.3221669   8.390517   3.3956027   12.59738   7.4245784  18.945661   18.983596  10.095781 
    123000      61500   10.409671  10.173976   7.8398688  7.6730391   13.812106  4.3969284   14.509164  8.7072427   17.932475  14.619273   16.118307  11.904704   11.240378  6.8690306   6.8351146  11.165658   1.7163896  5.6841676   0.85937255  9.6698925   5.4176098  5.5008169   9.0601473  4.3171218   3.4488496  16.882249   12.990277  13.105543   11.217963  20.804302   14.269648  16.922106   10.152282  16.355487   6.5268282  14.719496   9.4197419  13.204363   4.1333256  8.8059571   3.0146036   12.74714   7.0021157  18.720164   18.874831  10.070884 
    124000      62000   10.691294  10.352117   7.9463296   8.290432   12.795802   4.156164   14.423977  8.2596425   17.697012   14.41806   16.145719  11.411395    10.86589  7.0518288   7.0071196  11.708458   1.7857097  6.1480727   0.92292479  9.6958305   5.7371966  6.0360251   8.7900593  4.4284284   3.3354408  17.002411   13.327718  13.326992   11.309146  21.315329   14.389923  17.347373    10.56717  16.733502   6.7904636  15.205221    9.640016  13.296441   4.2874671  9.2855708   2.9421873  12.963721   7.0529246  19.179035   18.962783  10.003458 
    125000      62500   11.144323  10.422847   8.2183159   8.171321   12.813378  3.8879812   15.054042  8.3698925    17.65193  15.062846   16.179584  11.897781    11.26432  6.9812341   7.2682823  11.636397    1.976337  6.1904109   1.3244955  9.8909606   5.7160631    5.71147   8.8556207  4.6491574   3.0192797   17.13692    13.22325   13.86217   11.465567   21.48846   14.186223   17.69483    10.09448  16.926917   6.6250189  15.441393   9.7130907  13.650043   4.5456797   9.209885   3.5384397  13.105606   6.7976069  19.495789   19.243599  10.802224 
    126000      63000   10.830888   10.72712    8.045286  8.3521669   13.231139  4.3714351   14.627207  8.5643269   17.723113   14.74033   15.649081  12.054978   10.949002  7.1028112   7.1426297  11.791815   1.5056354   6.653969   1.3300414  10.290998   5.4811871  5.9261178   8.6871428  4.7534584   3.1557548  17.233942   12.830948  14.050898   12.013025  21.598778   14.470441  17.723505   10.206132  17.164059   6.5662531  15.676738   9.3275308  13.844169    4.602631  9.2954956   3.5019568  13.156315   6.9877023  19.890892   18.610864  10.406125 
    127000      63500    10.70835  10.701347   8.2222111  8.0975888   12.797447  4.1521792   14.843555  8.2575314   17.866389  14.668607   15.777085   11.77894   11.224012  7.1032419   6.9724951  11.722979   1.9131173  6.1648695   1.3433388  9.7732035   5.8273476  5.7147512   8.9862842  4.6516508   3.2982177  17.613838   13.179428  13.948751   11.627771  21.401545   14.782004   17.68919   10.368139  17.045313   6.3669753  15.240697   9.4890437  13.913716   4.6430455  8.9938982   3.1241886  12.884913   7.0410126  19.175201   18.924194   10.43058 
    128000      64000   10.849294  10.478061   8.1821236  8.0102016   12.837106  4.0136478   14.847539  8.1811524   17.204847  14.944686   15.458439  11.819261   11.128381  6.8614321   7.1061859  11.800313   2.0238794  6.2143295   1.3396764  9.9276063   5.8346011  5.6874433   9.1175179  4.2202914   3.0064912  17.358062   12.882582  13.852992   10.875879  21.319795   14.074233  17.807389   10.160692  16.850892   6.4417927  15.431123   9.4224187  13.705973   4.6773718  9.1651561   3.3975096  12.880134   6.5540914  19.332922    18.56931  10.915283 
    129000      64500   10.793172  10.668798   7.9124919   8.132016    12.72134  4.3994197   14.834703  8.2969707   17.546629  14.871666   15.763277  11.892012   11.007898  7.3521317    7.120131  11.651063   1.3921711   6.546766   1.2971866  10.127381   5.6049735  5.8325618   8.8778302  4.6044638   3.3629102  17.130645   12.993946  13.883317   11.339597  21.558304   13.974685  17.611508   10.030074  16.978458   6.5396668  15.295277   9.4812259  13.679571   4.4545535  9.0541655   3.5460159  12.874365   6.6842689  19.479825   18.792579  10.536924 
    130000      65000   10.328024  10.227946   7.5880567  7.7827993    12.56144  3.9941262   14.413208  8.2571287   17.386935  14.627538   15.454211  11.797839   10.702132  6.8816399    6.875934  11.201317   1.2056305  5.8591666   1.0463288  9.9006593   4.9253004  5.5097794   8.4642059   4.310436   3.0899404  16.819325   12.578401  13.579271    11.40591  20.999868   14.219971  17.346955   9.9876056  16.717364   6.4207664  15.108479   9.1332569  13.400608   4.1102439  8.7713491   3.3647179  12.699849   6.6951578  19.042227   18.452461  10.611221 
    131000      65500   10.286929  10.157862   7.6060906  7.6246807     12.4563  3.8810376   14.205369  8.0281835   17.375971  14.389254   15.475672   11.47729   10.589159  6.6281885   6.6662531  11.415027   1.1037499  5.9615685   1.1407109  9.8199717    5.057959  5.2677548    8.386042  4.0332654   2.7063007  16.815003   12.710192  13.447513   10.879134  21.085633   13.906961   17.38391   9.8949307  16.664116    6.125245  15.072225   9.2352366   13.28987   4.1785256  8.6413406   2.8724392  12.632334   6.3300899  19.192384    18.21016   9.818233 
    132000      66000   10.340334  9.9911606   7.4859099  7.6115735   12.063721   3.659801   14.193286   7.948929   16.935129  14.789247   15.322661  11.589693   10.323066  6.4744573   6.7076369   11.13353   1.3110501  5.9418032   1.0340894  9.5785581   5.2305447   5.160385   8.2941906  3.7419594   1.9250049  16.423726   12.600774  13.281192   9.7152014  20.800612   13.424205  17.354377   9.7737999  16.258593    5.993762  14.825423   9.0567757  12.964847   4.1478049   8.612333    2.961691  12.605268   5.4721118  18.660811   18.175748  10.282511 
    133000      66500   10.208787   9.995791   7.4480712  7.3236611   12.296137  3.7800441   14.229033  8.2136847   16.900283  14.932402   15.699348   11.71069   10.479061  6.6379908    6.729542  11.043253   1.0699373   5.917848   0.94243769  9.5746298    5.056136  5.0828495   8.4742922  3.7986971    2.059275  16.277192   12.668427  13.179299   9.5379643  21.203234   13.094815  17.368657   9.2796583   16.55846   5.9371119  14.584605   9.1221724  13.212133   3.9940795  8.5156525   2.6834897  12.408876   5.5232858  18.427718    18.56978  10.579736 
    134000      67000   10.022344  10.193446   7.0720136  7.8531435   12.069526  3.8714268   13.819831  7.9428144   16.251786  14.597858   14.661532  11.517026   10.220877  6.7501994   6.3675063  11.211076   0.69353626  5.8594592   0.38897972  9.7306036   4.8024498  5.5135315   8.1196136  4.2837494   2.1436235  16.170576   11.995262  13.429412   9.5263793  20.826462   13.134138  17.415008   9.2798928  16.298636   5.7081238  14.664972   8.6756582  13.221425   3.5213639  8.7042552   2.5677857  12.338126   5.4252384  18.513084   17.730908   10.48713 
    135000      67500   10.443344  10.003736   7.3394966  7.5950405    12.21793  3.6964386   14.491459  7.2215978   15.902826  14.646077   13.934509  10.965571   10.456403  6.6707153   6.6648248  10.855862   0.59276608  5.9950054   0.31962539  9.4310893   4.8896673  5.3354467   8.3753275  4.0435278   2.2808319  16.064417   11.897943  13.477185   9.4142531  21.032099   12.787108  17.514292   9.1284946  16.255073   5.6062789  14.279679   8.7855149   12.99206   3.6366093   8.536418   2.2036785  12.225811   5.5915667  18.134533   17.223344  10.785849 
    136000      68000   10.588812  10.000179   7.6250539  7.1415046   12.744466  3.6157899    15.13976  7.2124002   16.299495  15.130212   14.012692  10.815062   11.076714  6.7233547   6.7477811  10.482488   0.48902123  5.5819892   0.37584225  9.1165087   5.1957662  4.6847886   8.9070441  4.0116833   2.4661315  15.811473   12.323599  13.737879   9.0216889  21.057404   12.905199   17.85291   9.3256452  16.392564   6.0647694  14.155643   9.1266421  12.906056   3.7706275  7.9080326   2.8127978  11.847747   5.4014288  18.130771   17.549283  11.100201 
    137000      68500   10.912243  9.8771497   8.0042355  7.1445345   13.135075  3.5881919   15.135935  7.6196127   15.916705  15.241317   14.195905   11.31682   11.188992   6.584523   7.0127282  10.329136   1.1537944  5.1794905   0.63881308  8.9873988   5.5837245  4.7204877   9.3669161  3.8609755   2.8023146  15.424326    11.92809   13.78782   9.1927475  21.534757   12.671688  18.006626   9.0966066  16.716455   6.2465555  14.280582   8.9018865  12.638486   4.0665719  7.8409161   3.2554542  11.594925   5.4711265  18.480606   17.586898  11.270968 
    138000      69000    10.75176   9.964071   7.6911515  7.2968359   12.645266  3.6583549   14.435813   7.495845   16.060695  15.430865   13.832611  11.549808   10.764728  6.5063869   6.9887197    10.5481   1.2870547  5.5356418   0.68277244  9.2684597   5.4271017  4.7661957   8.7807974  3.9158622   2.3763439  15.738878   12.017147  14.362161   8.9920137  21.771168   12.743888  18.443808   8.8929068  16.871837   6.0877096  14.391198   9.1221746  12.808996   4.1844909  8.1215727   2.8446937  11.960694   5.2669667   18.63141   16.998908  11.151734 
    139000      69500   10.682881  10.156159   8.0741198   7.404356   13.106768  3.5265777   14.732464    7.49451   16.014637  15.095531   13.832069  11.297638   11.125827  6.2039881   7.1343929  11.214175   1.7107091  5.9110335   1.2999926  9.4290709   5.5836943   5.142037   9.0020239  3.7105095   2.0805375  16.326264   12.065946  14.202687   9.4977565  21.780662    12.84448  18.368581   9.1505866   16.82866   5.8042852  14.712342   8.9685669  13.429805   4.5814779  8.6319937   2.8791588  12.319536   5.7070827  18.725709    17.28576  11.010868 
    140000      70000   10.702909  10.481768   7.9694555  7.8570544   13.217081  3.8073881   14.851503  7.8128283   15.925288  15.787867    13.67065  11.448746   11.155402  6.9489771   7.1022537  11.399854   2.0044345  5.2557174   1.2862378  9.0500757   5.8157738  5.3520975   9.4159426   4.137908   1.8249164  16.144008      12.005  14.504655   9.0808586  22.140698   12.584408  18.552574   8.6009198  17.362426   5.6201202  14.972737   8.8097958  13.757274   4.5157522  8.6708197   2.9875953  12.227414   5.0763358  19.082599   16.842851   11.70301 
    141000      70500   10.713744   10.55011   8.3931537  7.6107804   13.330898  4.1657654   15.385851  8.2708885   16.082286  16.631978     13.9298   11.59252   11.527085  7.0348853   6.9540892  10.980306   1.9631432  5.2534562   1.3540726  9.1010899   6.2157248  5.1448498   9.5574937  4.0509293    2.576629  15.998358   12.365958  14.546351   8.7589782  22.083269   12.693627  19.193756   9.0946494  17.147656    6.111597  14.784763   9.0566317  13.427652   4.5823364  8.1489429   3.2708935  12.075172   5.2374942   18.94738   17.340217  12.544493 
    142000      71000   11.042683  10.716579   8.4404357  7.6097274    13.85841  4.7409613    15.97491  8.6836056   16.953672  17.117022   14.306379    11.8155   11.793625   7.425904    7.081102  10.878155   2.3577171  4.6389939   1.3806425  8.2042429   6.3648694  4.6554766   10.003385  4.4882904   2.5587951  15.608277   13.307411  14.901799   8.5076391  21.776378   12.947558  19.585969   9.6307355  17.143268   6.3624137  14.609292   9.5953127  13.681214   4.7581986   7.821179   3.0130664  11.541857   5.2685525  18.550627   17.514775  12.961478 
    143000      71500   11.443606  10.792241   8.8470681  7.3595836   14.160165  4.4595272   16.032756  8.6126487    16.21873  16.118919   15.062088   12.49134   12.181372  7.2398515   7.6210279  10.737398   2.3566385  4.6624041    1.918214  8.3070864   6.4274356  4.4084494   10.196149  4.0810851   2.1202942    14.8941   12.336839  14.879892   7.9928963  21.479674    12.66303  19.274362   9.0767149  17.077091   6.0170809   14.42197   9.2795823  13.511768   5.2089061  7.6197104   3.7803498  11.397229   4.8453505  18.101096   18.523511  12.466169 
    144000      72000   11.348779  10.819456    9.017607  7.6985201   14.387647  4.3607124   15.855904  8.5616978   15.864405  16.245992   14.614381  12.392269   12.273412  7.3400872   7.3906143  11.023016   3.3668818  4.4425869   2.0508862  8.0320757   7.1467928  4.9005079   10.517556  4.5362241   1.8095804  14.681384   12.120018  14.726107   7.7800927  21.492065   12.272753  19.016823   8.8142655  17.013928   5.9006897  14.512423   9.0867048  13.402771    5.413379  7.7959374   3.5066672  11.339384   4.4110467  18.030045   17.986058  12.483919 
    145000      72500   11.718977  10.962235   9.1270546  7.9923315   14.471907  4.6164471   15.916395    8.85758   15.831967  16.575667    14.76656  12.586989   12.168179  7.3953556   7.0787388  10.884958   3.3032354  4.3392917   1.8895269  7.7074788   7.0525552  4.4835464   10.383012  4.6630202   2.0670503  14.827903   12.015453   14.80221   7.9420488  21.485365    12.05263  18.766216   8.4764022  16.904677   5.6830551  14.200282   9.0321564  13.314186    5.426856  7.5865263   3.0804345  11.048184   4.5013796   18.02328   18.083578  12.988755 
    146000      73000   11.724027   10.91181   9.2016847  7.8763318   14.351664  4.4776904   15.727805  9.0386213   16.018013  16.631969   14.860113  12.852112   12.349496  7.2211296   7.5353898  10.806034    3.438644  4.4119931   1.9434739  7.8402808   7.2434628  5.0063355   10.459408  4.5405165    1.869943  14.817337    12.10619  14.924044   7.8914469  21.307076   12.104191  18.936118   8.6187913  16.763666   5.7216821  14.250867   9.0332699    13.4253     5.34299  7.7557452   3.4549685  11.148738   4.4704956  18.087131    18.24977  12.995875 
    147000      73500   11.870619   10.65121   9.2837442  7.5708508   14.863598  4.6783196   16.286721  8.8741557   16.127691  16.711964   14.991913  12.408112   12.572373  7.3368915   7.9680093  10.681392   3.8784926  4.1234687   2.1173931  7.4053077   7.5516942  4.6832465   11.096042  4.5031822   2.3139959  14.922273   12.387894  14.593907   8.3313536  20.891766   12.444321  18.715178    8.936621  16.524351   5.9555194  14.042619   9.4092158  13.272174   5.5547544  7.6083539   3.3343786  11.011144   4.8439035   18.04407   18.274861   13.10486 
    148000      74000    11.86457  10.736598   9.7612914  7.5053103   15.237562  5.0337225   16.740864  9.1400675   15.932999  16.469514   14.807717  12.467026   12.961853  7.5304105   7.7645621  10.381788   4.5593292   3.703071   2.4386202  7.0816931    8.139209  4.4362302   11.567048  4.3023467    2.480716  14.801711    12.28882   14.67881   8.3372333  21.373048   12.238935  18.652573   8.8321961   16.51619    6.048361  13.713791    9.359355  13.074271   5.7520654  7.3915279    3.348735  10.753031   5.1071376  17.818755    18.49328  13.059002 
    149000      74500   12.368545  11.029421    9.802744  7.7630422   15.630643  5.0988075   16.879188  9.3499677   16.196437  16.562135   15.196371  13.004692   13.202954  7.6874491   7.8621415  10.513509   4.5707535   3.796535   2.6987888  6.8613956   8.1867399  4.8634621   11.790529  4.7773739    2.883266   14.25138   12.386559  15.050507   8.3712974  21.258022   12.464213  19.001375   8.7684984  16.744809   6.4867616  13.654967   9.7294629  13.174311   5.8919309   7.499603   3.8312508  10.631711     4.96559   17.66763   18.926001  13.167277 
    150000      75000    12.15409  11.181777   9.9742056  7.8417494   15.364234  5.0930446   16.782416  9.1762386   16.430532  16.816644   15.153456  12.976598   13.032558  7.9849056   8.5021796  10.792787   4.9928427  4.0663521   3.2385135  7.1321768   8.4516653  5.0191323   11.618275  4.8285283   2.6472482  14.280159   12.624995  15.212971    8.544813  21.401139   12.648164  19.154024   8.9732708  16.775239   6.4693471  13.777486    9.771031  13.532801   6.3421612  7.7367635   3.7175831  10.677821   4.9694171  17.773315   18.626529  13.159208 
    151000      75500   12.044787  11.606078   9.6382975  8.2621447   15.390094  5.7094373   16.313527  9.7707091   16.482034  17.067562   15.199325   13.58473   12.732558  7.9394765    7.923791  11.206352   5.0453192  3.8532919   3.0430851  6.9336501   8.5279632  5.1132563   11.868317   4.696853   1.8385692  14.425709    12.35247  15.564549   8.2864712  21.558496   12.784259  19.632995   8.3839575  16.935665   5.7156193     14.099   9.4949321  13.853323   6.1824726  7.6742491   3.8001713  10.706222   4.4892464  18.137687   18.796252  13.456912 
    152000      76000   11.922323   11.62156   9.9178495  8.2034651   15.588405  6.1799221    16.55738   10.28186   16.193551  17.029021   14.966849  13.605111   13.066767  8.3913178   7.8502894  10.904223    4.670591  4.0565421   2.7928334  7.2381651   8.7360762  4.9190601   12.104169  5.1197713   1.9518689  14.399317   12.271276  15.542487   8.5744427  21.609186    12.72372  19.606092   8.6601524  16.872631   5.7949232  14.046184   9.2738088  13.734034   6.1499625  7.5457168   3.6679203  10.736333   4.7215273  17.926362   19.285347  13.999933 
    153000      76500   12.155729  11.257921   10.186384  7.8287821   15.740228  5.5426649   16.975128  9.5329843    16.71265  16.840365   15.523697  13.083207    13.28002  7.9154156   8.0815902   10.67522   4.9742025  3.7954308   3.0390411  7.0320493   8.9830426  4.5330714   12.207083  4.5051649    2.602373  14.430123   12.773122  14.975948   8.7909834  21.366868   12.784369   18.86518   9.0951303  16.804829   6.2234898  14.024983   9.4815942  13.465865   6.5185623  7.2273685   4.0359596  10.577032   5.1414051  17.803102   19.202917  13.314207 
    154000      77000   12.371691  10.479173   9.9532156  7.4781355   15.453705  4.4174494   16.527568  8.7702087   16.903785  16.351751   15.792696  12.593127   12.972232  6.7687049   8.5855945  10.819153   4.7924108  3.9750587   3.2782452  7.2106998   8.4046943  4.6493299   11.744438   3.655039   2.6296896  14.615577   13.086111  14.425981   9.2066166  21.205477   12.946354  18.405592   9.2365337  16.648568    6.431581  13.749448   9.9800093  13.379699   6.3411697  7.9718385   3.4274649  10.871558   5.2869022  17.732582   18.979229  12.701901 
    155000      77500   12.258917  10.278831   9.9823906  7.1079692   15.285164  4.2601862   16.613965   8.576361   16.842372  15.741365   15.592763  12.209558    13.01268  6.7923197   8.5216813  10.320155   4.7607656  3.6510625   2.9251243  7.0357443   8.2394759  4.2553444   11.473801  3.5416349   2.6566587  14.473177   12.906165  14.159402   9.2675567  21.473378   13.225323  18.320526   9.4284129  16.798752   6.4044688  13.709768   9.7350643  13.188589   6.2846017  7.4035709   3.7429845  10.551872   5.3903191  17.819606   19.215283  12.184692 
    156000      78000   12.470812  10.365536   10.221774  7.4095043   15.259561  4.0883969   17.113751  8.0801902   16.425246  15.845512   15.481545  12.083721   13.338677  7.0767844    8.566184  10.165697   5.0794515  3.0421856   3.2748728  6.6006632    8.521576  3.7942221   11.696031  4.2609414   2.9306663   13.89209   12.704673  14.239201   8.7124336  21.287456   12.824096   18.42751   9.1605664   16.76245   6.6285171  13.520314   9.7651417  13.014462   6.6890334  6.8498423   4.3981951  10.187465   5.1831489    17.4369   18.766063  12.048371 
    157000      78500   12.430456  10.499645   10.620471  7.4887013   15.556453  4.3503507   17.496567  8.5171809   16.234837  16.484454   15.365578  12.043051   13.778863  7.2088415   8.5674664  10.079226   4.7208677  3.5026892   3.4930608  6.7897587   8.3937708  3.7223544   11.676893  4.1017919   3.1615836  13.836246   12.862375  14.437468   8.5016876  21.104483   12.649123  18.818991   9.3521788  16.348493   6.7443465  13.205108   10.031141  12.802493   6.9916479  6.8918869   4.1688425  10.008445   5.4575202  17.230479   18.627013  12.822264 
    158000      79000   12.673408  10.887431   10.571631  7.8448104   15.657411  4.4014691   16.953093  9.0378362   16.900276  16.928815   15.782144  12.811224   13.626242  7.2252292   8.3588354  10.352683   4.7167704  3.4042636   3.9802248  6.8170163   8.3759815  3.0794337   11.594409  4.5061237   2.9260806  13.942026   13.150488  14.861154   8.3180454  21.219195   12.782506  18.905645    9.183223  16.890723   6.6594921  13.809607   9.9769448  13.457125   7.2714499  6.4576865   4.5885611  10.185104   4.9727158    17.5936   19.114692  13.112259 
    159000      79500   12.683623  10.900339   10.655884  7.8254881   15.740844  4.7476939   16.883256  9.4314536   16.716508  16.775043   15.950628  13.114319   13.683984  7.4151827   8.7678291   10.53052   5.1355381  3.2426576    3.861446  6.6257293   8.5814077  3.7172162   11.808563  4.5507671   2.8649099  14.168096   12.980622  14.757203   8.4109659  21.123435   12.797276  18.942959   9.3547406  16.755824   6.6974603  13.946931    9.931576  13.480578   7.1625247  6.9792506   4.7942929  10.265612   4.8965846  17.767523   19.459902  12.987286 
    160000      80000   12.082659   10.76758   10.268261  7.5726405   15.936787  5.4877759   16.398901  9.7813941   17.097257  16.793224   15.983108  13.484416   13.308459  7.4872634   8.2548423  10.519124   5.8429447  3.3584838   3.5742585  6.3795601   9.3571231  4.6073705   12.552559  3.9449805    2.746012  14.292854   12.991814  14.764763   9.0836108  21.097766   13.207264  18.870634   9.2844249  16.557014   6.4938025  13.879923   9.8531079  13.258099    6.666702   7.313009   4.2218811  10.542276   5.3272434  17.792499   19.388538  12.910863 
    161000      80500     11.9456  10.476311    9.487819  7.7488055   16.714161  5.7667153   16.140374  10.239001    17.48549  17.225779   16.788079  13.854685   13.365055  7.1531098   8.0028309  10.850884   6.7049467  4.4970179   3.0893343  5.9438384   10.395182  4.7320129   13.461903  3.7195835   3.0496947  15.713259   13.510095  14.415116   9.5689805  21.168407   13.409361  18.532563   9.7724439  16.530861   6.6955877  14.143069   10.214154  13.204653   5.5739337  8.2481336   3.8188021  11.873237   6.1482022  17.940159   19.893589  13.151542 
    162000      81000   11.869241  11.004428    9.381181  8.0224496   17.431229  6.1513066   16.105245  10.244985   17.336662  17.073481   16.581224   13.84601   12.666954   7.866839   8.0117467  11.109011   7.0947013  4.7037228   3.3136304  5.5587533   10.606703  5.1286934   14.011831  5.0326227   3.1944145  15.837385   13.329157  14.712201   9.6795955  21.751751   13.549182  18.973269   9.9306086  17.036384   6.7374557  14.354918   10.043917  13.604895    5.405891  8.4450489   3.6928862  11.925665   6.3386187  18.227383   19.870325  13.430763 
    163000      81500   11.569965  11.415707   9.0047656  8.5367671   18.405818  6.1688627   15.830485  9.7973863   17.679535  16.877125    16.13207  13.586445   12.225994  8.3001635   7.8068889  11.606294   7.5046658  4.7630222   3.5204181  5.1527346   11.067571  5.7391012   14.671519  5.9298131   3.1538128  15.849931   13.191029  14.926283   10.147047  21.804318   13.766548  18.790815   9.8840349  17.479342   6.9380389  15.152699   9.9217729  14.085085   5.3756822   8.264995   4.3512506  12.251266   6.1008382  18.946297   19.362326  12.902487 
    164000      82000   11.202347  11.399763   8.9436943  8.7951858     18.6816  7.3037361    15.36964  9.8584916   17.465774  16.544427   15.925214  13.481806   12.060625  8.1303627   7.3316773  11.628726    7.808502  5.4617826   3.9891546  4.7191211   11.361828  5.4195879     14.7417  5.7047935   3.1721729  15.942953   13.028153  14.875847   9.8514956  22.175918   13.583156  18.780558   9.7300077  17.845731   6.6934613  15.305236   9.8065747  14.418543   5.1114216  8.2352934   3.6251393  12.088729   5.7919281  19.133074   18.972749  12.082789 
    165000      82500   11.082439  11.217978   8.5867021  8.8215688   18.567648  7.3288533   15.119996  9.6651157   17.903499  16.134887     16.3232   13.16853   11.743298   7.630249   7.3146681  11.743871   7.9212614  5.2812467   4.3778505  4.7431062   11.508805  4.4489866   14.809065  5.5189425   2.7942417  16.155111   13.190257  14.473618   10.099564  21.647922   13.951986    18.5419   9.8356243  17.179899   6.3707973  15.177864   9.6849663   14.09396   5.0109713  8.4359062   3.0659735  12.049402   5.7410845  19.137862     19.2069  11.288598 
    166000      83000   11.043767  11.155662   8.6016347  8.6588238   18.458388  7.0633744   15.050191  9.7189106   17.820026  15.980501   16.374096  12.945662   11.690055  7.3904609    7.041956  11.783822   8.5420028  4.8917588   4.9789947  4.6298185   11.942375  4.4230112   14.945786  5.2813684   3.1000374  16.603643   13.371786  14.258871   10.372634  21.914364   14.080913  18.289864    10.22979  17.315614   6.6124602  15.311388   9.6788472  14.031086   4.9971234  8.3402425   3.5288036  12.430983   6.2458456  19.285286    19.11701  11.148806 
    167000      83500   11.010514  11.049877   8.4817252  8.7129746    18.65871  7.7149541   15.030718   9.931047   17.838918  16.020069   16.590721  13.036845   11.688832  7.6028358   7.3988267  11.929444   8.4218793  5.1057476   5.1504269  4.1602149   11.997915  4.7489126    15.16011  5.5086531   3.3494949    16.3642    13.49039  14.293089   10.862323  21.735841   14.118803  18.255332   10.301025  17.260551   6.9523736  15.400999   10.137808  13.966965   4.8984854   8.248874   3.9790845    12.4873   6.4295786  19.363022   19.438778  11.523201 
    168000      84000   10.993325  10.968234   8.4561744  8.5294952   18.844112  7.6307722   14.889136  9.7569736   17.700628  15.934792   16.233254  13.006227   11.489883  6.9614913   7.7186086  11.781863   8.3054591  4.8238475   4.6674917   4.190594    11.93794  3.9399763   14.823538  5.7320015   3.1045517  16.028579   13.148072  14.366453   10.545278  21.796891   14.109929  18.388274   10.061018  17.327586     6.65809   15.22751   9.7866505  14.042105   5.0811984  7.5864997   4.1920662  11.873644   6.2753962  19.223668   19.268549  11.539425 
    169000      84500   10.983044  10.829048    8.836121  8.1389882   18.504148  7.2532727   14.753814  9.5570602   17.721046  15.703795   15.860177  12.974203   11.701814  6.7556875   7.1643144  11.197579   8.3039302  4.6082981   4.4645281  4.7474821   11.894843  3.5833404    15.01206  5.4544303   3.0815205   16.44247   12.878157  14.528502   10.273579   21.69387   13.972324  18.522638   9.6267037  17.036001   6.4312471  15.004024   9.4101488  13.641035   5.3059561   7.940298    3.707534  12.080134   6.2182457  19.183802    18.80222  11.302326 
    170000      85000   10.845665  10.636138    8.707223  7.9975388   18.168768  7.2679921   14.684281  9.4516531   17.807657  15.580228   15.800045   12.82657   11.819163  6.6029506   7.3048868  11.350646   8.7054393  4.4812821   4.9108272  4.6571253   12.125345  3.3545579    15.09672  5.2711914   3.4080224  16.737653    13.00515  14.361852   10.873057  21.983227   14.508273  18.509343   10.575936  17.328044   6.9692932  15.269231   9.8269587  13.707345   5.2263563  8.2028427   3.7164747   12.60637    6.933265  19.313761   18.749162  11.318744 
    171000      85500   11.187122  10.491465   8.7730443  7.8483834   18.354214  6.8778906   14.969604  9.3452581   17.988129  15.550531   16.572813  12.579431   11.810908  6.3881349   7.8345496   11.29403   8.7002631  4.1199388   5.1308424  4.9799517   12.425006  3.4249068   15.024381  5.2574041   3.6605261  16.452028    13.73368  14.161469   11.018356  21.490968   14.751154  18.258345   10.653554  16.822685   7.1439781  14.882294   10.377106  13.613069    5.252543  8.4710618   3.8120611  12.373499   6.8922129  18.925864   19.196581  10.955917 
    172000      86000   11.065944  10.467739   8.4812241  7.5918552   18.210853  6.6953014   14.872802  9.2715753   17.969727  15.322957   16.605122  12.389775   11.764092  6.7013391   7.6738659  11.078248   9.3085268  3.9352376   5.9228085  4.7870856   12.642818  2.9617969   14.859893  5.2594085   3.5772818   16.14224   13.548906  13.774672   10.480853  21.076521   14.344801  17.999894   10.586029   16.52624   7.0217936  14.586408   10.083772  13.350194   4.6486506  8.1035177   3.7724912  12.350828   6.6215628  18.466342   19.130199  10.543725 
